0.0
0.0
0.0
0.0
0.0
0.0
0.0
0.0
0.0
0.0
0.0
0.0
0.0
0.0
0.0
0.0
0.0
0.0
0.0
0.0
0.0
0.0
0.0
0.0
0.0
0.0
0.0
0.0
0.0
0.0
0.0
0.0
0.0
0.0
0.0
0.0
0.0
0.0
0.0
-1.65406327267e-09
-3.2693594374e-09
-1.34392640905e-09
1.06908774781e-08
7.67235609544e-09
-1.63706283661e-08
-8.78736517215e-09
0.0
0.0
0.0
0.0
0.0
0.0
0.0
0.0
0.0
0.0
0.0
0.0
0.0
-2.44004652888e-10
-8.41395354787e-11
0.0
-7.17727577846e-10
-5.55133970869e-09
-1.34827114006e-09
0.0
6.9731192474e-10
6.56302466126e-10
6.40925022207e-09
2.03678115088e-08
4.38572499504e-08
5.87613423114e-08
2.72586202668e-08
8.05235077266e-09
3.9135155826e-09
5.91447858605e-09
1.59175025043e-09
0.0
0.0
0.0
0.0
0.0
0.0
0.0
0.0
0.0
2.45937941644e-10
-6.48215445248e-10
-2.12995900299e-09
-5.79206062391e-09
-5.45789490656e-09
-8.67428888423e-09
-5.37067870227e-09
-9.53401042571e-09
-2.3568726008e-08
-1.35824831279e-07
-3.66973917139e-07
1.55204565063e-07
1.07311726513e-06
2.66709107894e-06
3.17688455546e-06
6.54134918701e-07
-1.52943565005e-07
-2.0337583599e-07
-5.50000290305e-08
-4.34691122707e-10
7.52689179524e-09
7.48830848308e-10
-2.46072544836e-09
-7.04442971491e-10
0.0
0.0
0.0
0.0
8.43215799924e-10
-1.65908912855e-09
1.15511538812e-08
4.76857618234e-10
-8.72529638959e-09
2.15835201337e-07
6.31768570399e-07
-1.00835385044e-07
-1.06497636091e-06
-1.16593474145e-06
6.44818082036e-06
1.22498250353e-05
1.01131660799e-05
-1.3633097766e-06
-1.61251595874e-05
-2.70076433721e-05
-1.79299677398e-05
-3.2877088787e-06
2.69096885782e-06
4.98717029267e-07
2.25356710886e-07
-1.80658076308e-07
-5.20793755248e-08
-1.69377604803e-09
0.0
0.0
0.0
0.0
9.33167162056e-09
3.05785012111e-09
1.14645244655e-09
3.23087357854e-09
2.28863454595e-07
5.70684674752e-07
-5.9977821623e-08
-1.63287581945e-06
-4.33944032246e-06
-6.24301037172e-06
7.97393017409e-06
1.36022784105e-05
7.71708001533e-06
-2.79737250302e-05
-3.63975401481e-05
-3.37835604299e-05
-2.54103812381e-05
-9.7404653118e-06
1.74160211187e-05
1.61138586305e-06
-7.30699176671e-07
-6.07950711324e-07
-1.2115280515e-07
9.61066351853e-10
3.69248310559e-08
0.0
0.0
0.0
2.30363957875e-09
4.66813512888e-09
-1.15617034799e-08
-6.20013920811e-08
3.5094800974e-07
-2.23348460918e-07
-2.04473542352e-06
-6.67316845887e-06
-1.21661960956e-05
-1.3638452568e-05
-2.07609796372e-06
5.46367883794e-06
-1.5921637584e-05
-3.3639188418e-05
-3.75388246102e-05
-3.11092524362e-05
-1.9968709086e-05
-2.03980216311e-05
1.81889198604e-06
-6.03749668169e-06
-4.63639358742e-06
-1.94283783302e-06
-5.58891506365e-07
-3.37660398381e-09
-8.40842462092e-10
-1.12873907787e-09
0.0
0.0
8.32137704182e-10
2.6657224048e-09
-4.98571737606e-09
-1.10978582624e-07
-6.72114608571e-07
-2.07968039762e-06
-6.35943753102e-06
-1.19687904102e-05
-1.61710121587e-05
-2.23933086217e-05
-1.81544264471e-05
-2.36717576955e-05
-1.90632365717e-05
-2.78821994998e-05
-3.04994580628e-05
-2.38656973455e-05
-5.05563242893e-06
-3.3068927008e-05
-3.78811293002e-05
-2.89629339475e-05
-8.84622967452e-06
-3.96147623762e-06
-1.23227365662e-06
-1.09758769002e-08
7.52890637549e-10
-2.38117558892e-09
-5.19353295896e-10
0.0
-2.01391180593e-09
8.11380506043e-09
-9.43980709476e-09
-3.05314333567e-07
-2.07740069083e-06
-5.70714034616e-06
-1.1030946818e-05
-1.59912174546e-05
-2.33337123731e-05
-4.87388708411e-05
-4.83106212997e-05
-2.64549785925e-05
-7.88892237532e-06
-1.23148842564e-05
-1.17167585476e-05
-1.12982971874e-05
-3.11506843066e-06
-3.46228829129e-05
-6.68882230076e-05
-4.91383708694e-05
-1.39390610581e-05
-6.39126022072e-06
-1.94947046989e-06
-7.3912378793e-09
0.0
0.0
0.0
2.35759568579e-08
-9.54455784564e-10
1.66908160333e-08
-2.88785272947e-08
-8.45805463632e-07
-4.61924851723e-06
-9.13933691586e-06
-1.59562642803e-05
-2.2112037235e-05
-3.59136230632e-05
-6.55964762085e-05
-5.18422497771e-05
-2.07958452918e-05
1.57661982488e-05
3.10888716091e-05
1.88188118875e-05
3.60575607832e-06
6.40276487218e-06
-3.24182234141e-05
-7.54205124904e-05
-5.77976340116e-05
-2.08813691692e-05
-8.8078361468e-06
-2.79798889405e-06
-9.47558608027e-09
9.94341953969e-10
0.0
0.0
3.87111390382e-08
-4.42873483114e-09
-4.82647742178e-09
-5.96360562688e-08
-1.93853907022e-06
-7.0621150438e-06
-1.2894673259e-05
-2.03306145543e-05
-3.58373249698e-05
-6.69699745022e-05
-6.97096662462e-05
-5.24274837829e-05
-1.11569717125e-06
5.76472960126e-05
7.61112263599e-05
5.67890676856e-05
3.69878406973e-05
6.2960639901e-06
-3.22528298648e-05
-7.62927180819e-05
-7.03775044775e-05
-3.13596403973e-05
-1.30471578584e-05
-3.69656695663e-06
1.47830165532e-08
2.028016122e-09
3.48862973917e-10
0.0
1.00551315656e-09
8.41024164802e-10
-2.23208482284e-09
-1.27736016777e-07
-4.62592092951e-06
-1.04322910602e-05
-1.67750243296e-05
-2.87989245718e-05
-5.40373911655e-05
-6.62643110019e-05
-6.42561497727e-05
-4.64383148029e-05
2.90729729351e-05
8.22435782091e-05
0.000110929651149
7.6857101655e-05
3.94600785351e-05
-3.66229718006e-06
-3.19340668543e-05
-7.43842357928e-05
-7.16902332603e-05
-4.86677547874e-05
-1.61239548578e-05
-5.17606378066e-06
-5.81054674378e-08
-1.62469441256e-07
7.81880417753e-10
0.0
-2.48511869028e-10
-8.48164676152e-13
1.79684875831e-09
-3.12382443422e-07
-6.9067133098e-06
-1.38173744009e-05
-2.04926097182e-05
-5.0707343753e-05
-6.81624969715e-05
-6.79591597926e-05
-3.95546629485e-05
-1.46151525175e-05
5.33018517373e-05
0.000116422150529
0.000120563092093
7.65612891154e-05
2.4828338744e-05
-1.34055686742e-05
-2.82951630488e-05
-7.23131340843e-05
-7.08736050081e-05
-5.33677703166e-05
-1.85286869981e-05
-6.79356110056e-06
-1.55336300176e-07
-1.30446657724e-07
9.38024968558e-10
3.48075284958e-10
-9.78515484297e-10
-3.91415360716e-08
-4.10617746032e-09
-6.91913527649e-07
-8.78689429082e-06
-1.8584034033e-05
-3.62107953759e-05
-6.82518149105e-05
-7.24548208496e-05
-4.42146171549e-05
-2.4757614646e-05
-1.05297813475e-06
8.70399405587e-05
0.000134035480826
0.000123370021673
6.31834143706e-05
6.89672283668e-06
-1.72884086827e-05
-2.81083456327e-05
-7.15318956573e-05
-7.17934651433e-05
-5.46070018125e-05
-1.88659809345e-05
-7.58387086578e-06
-1.17142053885e-07
-1.48353866313e-08
0.0
0.0
0.0
1.00371365813e-10
-1.33277770486e-09
-1.172799812e-06
-1.1545486556e-05
-2.39956486915e-05
-5.89838504115e-05
-7.26558297583e-05
-6.01602914944e-05
-2.97566064332e-05
-1.6648651634e-05
2.30632898375e-05
0.000114696527655
0.000139072777661
0.000114746200555
3.72113483728e-05
-1.65158281176e-07
-1.85389220555e-05
-2.93365437426e-05
-7.07218659339e-05
-7.04274607451e-05
-5.15681483965e-05
-1.80442858633e-05
-8.01416503577e-06
-1.05675252201e-07
9.11586246358e-09
0.0
0.0
0.0
8.00504327483e-10
-7.78050421885e-09
-1.78329144859e-06
-1.56287396229e-05
-4.01357696469e-05
-6.9450092464e-05
-7.50978623667e-05
-4.99680652782e-05
-2.50461143693e-05
-2.38841324745e-06
5.47487996927e-05
0.000125927578339
0.00013852940919
9.91143149701e-05
2.30215410777e-05
-6.06249444605e-06
-2.05425703723e-05
-3.11042358852e-05
-6.98667406092e-05
-6.52998059232e-05
-4.36237913479e-05
-1.68339536579e-05
-7.3461463805e-06
-9.60887979732e-08
3.64634498543e-09
0.0
0.0
5.81748368378e-10
1.22479190226e-09
-1.28010391334e-08
-2.44516563696e-06
-1.93633872802e-05
-4.45227341888e-05
-7.38457696422e-05
-7.2408697465e-05
-3.54965361352e-05
-1.80982943269e-05
2.06126071387e-05
6.74544787231e-05
0.000125010873223
0.000130639709157
7.26193126099e-05
1.73579393835e-05
-1.02214680636e-05
-2.50013263749e-05
-5.09611557537e-05
-6.8021992768e-05
-5.60995389248e-05
-2.38345241303e-05
-1.42327987456e-05
-6.27209045593e-06
-7.68964338122e-08
1.41915933849e-09
-1.5300184457e-10
0.0
4.03790883155e-09
1.58639141524e-09
-1.99232903639e-08
-3.93100447438e-06
-2.08975474264e-05
-4.54357311378e-05
-7.48162395746e-05
-6.95706804534e-05
-3.09327103622e-05
-4.86290106144e-06
3.84584564167e-05
7.27420010066e-05
0.000120781063347
0.00010942870859
5.45067684514e-05
1.34882846961e-05
-1.59813421291e-05
-4.44442434715e-05
-6.59568375527e-05
-6.28619409718e-05
-3.7866545526e-05
-1.85065483657e-05
-1.13527838902e-05
-5.05114391059e-06
-3.49940485186e-08
6.3981118362e-09
-2.29511970835e-10
2.23025294137e-11
5.21862321811e-10
1.80271751732e-10
-6.68860272911e-08
-4.66027508551e-06
-2.08957275931e-05
-4.51310291886e-05
-7.67501620673e-05
-5.98404335838e-05
-2.57261913829e-05
1.93123858212e-05
5.05365969921e-05
7.62087123792e-05
0.000102331040725
8.14521418252e-05
4.00586071399e-05
-7.37097158107e-07
-4.01802100484e-05
-6.69965407373e-05
-5.58538873874e-05
-2.71030725531e-05
-1.99651780527e-05
-1.35021116204e-05
-8.77418603309e-06
-3.31791393529e-06
-4.30258548907e-08
1.9516299714e-08
5.63008772365e-08
1.11512647069e-10
-8.36520356894e-11
1.51736559201e-09
-8.25382692771e-08
-4.12675646595e-06
-1.84521629174e-05
-4.25025226206e-05
-7.44726521838e-05
-7.02783882015e-05
-2.13004591448e-05
2.69964976049e-05
5.20015141953e-05
7.28220042677e-05
7.46194567125e-05
6.17589869e-05
1.57226837245e-05
-2.93295186053e-05
-5.61639484312e-05
-5.27232088832e-05
-2.63558142909e-05
-1.78654898816e-05
-1.4378412576e-05
-9.63004045557e-06
-6.38706703355e-06
-1.46308721391e-06
-9.33324181133e-10
2.11661006826e-09
3.03526724084e-08
0.0
-1.74646808326e-09
-6.92785003759e-10
-1.07484747484e-07
-3.35630514605e-06
-1.30406235099e-05
-3.67640163535e-05
-6.47109327958e-05
-6.59419416037e-05
-2.80400744024e-05
1.29579447166e-05
3.57121903311e-05
3.93032041263e-05
1.32540505316e-05
6.25849181424e-06
-1.91492142161e-05
-4.2187908271e-05
-4.33540549459e-05
-3.23228454751e-05
-2.05431612851e-05
-1.52311665318e-05
-1.04305692859e-05
-7.32935229586e-06
-3.09157115018e-06
-3.35637247939e-08
-4.23273469807e-09
-1.07048415468e-07
3.72891569423e-10
5.5931267934e-10
1.74785212294e-10
1.62954808563e-10
-7.17526397696e-08
-2.19569784384e-06
-8.55095720535e-06
-2.56879196742e-05
-5.58623708495e-05
-5.63635603381e-05
-3.43400032723e-05
-1.88275739747e-05
-8.06910044031e-06
-1.91207533402e-05
-2.45351054904e-05
-1.95764707304e-05
-2.35231827127e-05
-3.44648521217e-05
-1.69380764141e-05
-2.1024207572e-05
-1.73288198385e-05
-1.1981231612e-05
-7.75643349828e-06
-3.53817876879e-06
-4.98054186173e-07
-1.03880483923e-08
-3.74831098235e-08
3.11543065681e-08
-6.17773101356e-10
5.41834158111e-10
1.74785212294e-10
7.7396898801e-10
-7.82572192579e-08
-1.27791697459e-06
-5.03429481607e-06
-1.19088649068e-05
-3.47225374341e-05
-4.03801038268e-05
-2.56441537923e-05
-2.42220381955e-05
-2.63625642418e-05
-4.41584430104e-05
-3.78245610131e-05
-1.89875992989e-05
1.67826655376e-06
-7.63807557141e-06
-8.00600194975e-06
-1.30209304161e-05
-1.00408959636e-05
-6.30611761002e-06
-2.17774927102e-06
-5.82258612661e-07
-4.59698918921e-08
4.15756405079e-09
-2.42500068779e-08
-1.05065477229e-07
-1.14050418712e-09
0.0
0.0
0.0
-1.24374220574e-10
-1.00384528695e-07
-1.06477646016e-06
-2.90763665284e-06
-6.16143461748e-06
-1.18449397144e-05
-1.16466274678e-05
-1.59343309116e-05
-2.57452968566e-05
-3.25081761709e-05
-1.24992820266e-05
4.54471632297e-06
1.31200800913e-05
4.43024284818e-06
2.88047737603e-06
-4.47567574592e-06
-3.28069277699e-06
-5.96655634745e-07
2.91239184166e-07
-6.82216917157e-08
-1.56555737071e-08
-1.36237086925e-09
2.03300354933e-09
3.01208416945e-09
0.0
0.0
0.0
0.0
1.30694532172e-11
-2.8226374825e-08
9.81074559768e-08
2.54118461824e-08
-1.71458490122e-06
6.60336835261e-07
1.85502466039e-05
2.19335634345e-05
1.11503605441e-05
-6.96767696891e-06
-3.44485362285e-06
5.58678523453e-06
5.19125114182e-06
-1.81307313033e-06
-2.47147677802e-06
-1.60212780105e-06
-5.44302423154e-07
-1.68165960561e-08
-8.83277920307e-09
-4.74087891103e-09
-3.47779269288e-09
-2.33279153023e-09
1.56768806616e-09
3.70224447502e-10
0.0
0.0
0.0
0.0
0.0
0.0
1.73185860826e-09
4.3785591859e-09
2.97609439409e-09
2.81062762308e-08
8.15735712406e-08
5.54397430689e-08
-3.76919366912e-09
1.63504985414e-08
7.64878819558e-08
1.54939818446e-07
5.91379137808e-08
5.80977287729e-09
-1.8431891481e-09
-7.59435164314e-10
0.0
0.0
0.0
0.0
0.0
0.0
0.0
0.0
0.0
0.0
0.0
0.0
0.0
0.0
0.0
0.0
0.0
0.0
0.0
2.94844018282e-09
1.67343902268e-09
0.0
0.0
7.61469511943e-10
2.2725105747e-09
7.61469511943e-10
0.0
0.0
0.0
0.0
0.0
0.0
0.0
0.0
0.0
0.0
0.0
0.0
0.0
0.0
0.0
0.0
0.0
0.0
0.0
0.0
0.0
0.0
0.0
0.0
0.0
0.0
0.0
0.0
0.0
0.0
0.0
0.0
0.0
0.0
0.0
0.0
0.0
0.0
0.0
1.91681169492e-07
