0.0
0.0
0.0
0.0
0.0
0.0
0.0
0.0
0.0
0.0
0.0
0.0
0.0
0.0
0.0
0.0
0.0
0.0
0.0
0.0
0.0
0.0
0.0
0.0
0.0
0.0
0.0
0.0
0.0
0.0
0.0
0.0
0.0
0.0
0.0
0.0
0.0
0.0
0.0
-2.05067347433e-13
-4.0532842891e-13
-1.66617219789e-13
1.23902294235e-12
1.06126434536e-12
-1.45646769412e-12
-8.09349488273e-13
0.0
0.0
0.0
0.0
0.0
0.0
0.0
0.0
0.0
0.0
0.0
0.0
0.0
-4.34309585004e-14
-1.49761925863e-14
0.0
-1.19415363661e-13
-9.63180573133e-13
-2.34326177653e-13
0.0
1.02622474197e-13
9.56893840607e-14
5.3982327874e-13
1.89665153541e-12
4.76199076597e-12
6.461135741e-12
2.98771954984e-12
7.89518602118e-13
3.52521730496e-13
5.46800222655e-13
1.70069668939e-13
0.0
0.0
0.0
0.0
0.0
0.0
0.0
0.0
0.0
4.21606856463e-14
-1.15761759238e-13
-6.53493981802e-13
-1.79709091559e-12
-1.71962126553e-12
-1.76366233924e-12
-8.5876182329e-13
-1.79937142531e-12
-5.28794689099e-12
-2.68863261764e-11
-7.3196515697e-11
-2.43915642112e-11
6.44733050102e-11
1.7541148209e-10
2.32573748721e-10
1.485242018e-11
-3.95073525766e-11
-4.36313502699e-11
-2.04021508064e-11
-4.52895895799e-12
1.86666063253e-13
-1.98993253279e-13
-4.16586642113e-13
-1.19258136762e-13
0.0
0.0
0.0
0.0
1.44550922216e-13
-3.78996331036e-13
7.24031360157e-13
-5.56606008519e-13
-2.11299864988e-12
1.80970773551e-11
5.19069438722e-11
-5.12856611693e-11
-2.00242865475e-10
-3.0749564812e-10
2.46994858492e-10
6.49903570736e-10
3.07928760662e-10
-1.01476492102e-09
-2.61620185915e-09
-3.68121760012e-09
-2.62012210178e-09
-8.98051650788e-10
-4.96989044434e-11
-1.13380647258e-10
-4.80418215613e-11
-4.46930703129e-11
-8.32399698178e-12
-3.34367275098e-13
0.0
0.0
0.0
0.0
1.23179048554e-12
1.50786724068e-13
-4.90700605466e-14
-3.77812223062e-13
1.94744482392e-11
4.0479629505e-11
-6.46455676645e-11
-3.3454855708e-10
-8.27236983947e-10
-1.34471938397e-09
-2.8607028589e-10
-8.67361936612e-11
-1.08147140053e-09
-4.99949251528e-09
-6.10010661052e-09
-5.71984073451e-09
-4.58461652066e-09
-2.57450743026e-09
5.79905780524e-10
-4.72642201891e-10
-3.04509277889e-10
-1.56066507127e-10
-2.33786731821e-11
9.8754905099e-15
4.73207201207e-12
0.0
0.0
0.0
3.0292849214e-13
6.12625518871e-13
-2.53836587988e-12
-1.16344381605e-11
2.03473865098e-11
-7.76392189829e-11
-3.8274598155e-10
-1.13967608264e-09
-2.1552019386e-09
-2.77647293088e-09
-2.12978242534e-09
-1.80070591983e-09
-4.3086868397e-09
-6.39766089982e-09
-6.7954623107e-09
-6.09460762209e-09
-4.90022319193e-09
-4.55242030666e-09
-1.80440347861e-09
-1.91228154356e-09
-1.05286813173e-09
-4.0318955028e-10
-9.78315930215e-11
-7.02894835159e-13
-1.2828947175e-13
-1.63756120375e-13
0.0
0.0
1.21750690051e-13
3.74073991349e-13
-2.02010412454e-12
-2.04981074678e-11
-1.04202776094e-10
-3.48973272362e-10
-1.0514712184e-09
-2.10554763093e-09
-3.09006717008e-09
-4.40459463325e-09
-4.52863547806e-09
-5.42539969102e-09
-5.04235510792e-09
-5.75365420077e-09
-5.8829016408e-09
-5.37387131496e-09
-3.64840065436e-09
-6.55416255381e-09
-6.6851055708e-09
-4.86749023541e-09
-1.88174299247e-09
-7.87723172128e-10
-2.21429041705e-10
-2.09850483527e-12
1.01468683327e-13
-3.45458116956e-13
-5.49643532842e-14
0.0
-4.35611461728e-13
1.0945647379e-12
-2.56270372816e-12
-4.84568950561e-11
-3.05801747921e-10
-8.68810013906e-10
-1.90461308726e-09
-3.06376527032e-09
-4.58218057283e-09
-7.82563577805e-09
-8.13280215883e-09
-5.87860283744e-09
-3.47456560212e-09
-3.34020807181e-09
-3.0819901745e-09
-3.37662590375e-09
-3.00683701162e-09
-6.77610735962e-09
-1.01146951599e-08
-7.54962931402e-09
-2.86262870398e-09
-1.25559392822e-09
-3.60022734246e-10
-1.45577399116e-12
0.0
0.0
0.0
3.06813124164e-12
-1.26494112911e-13
2.05898069621e-12
-5.79575007245e-12
-1.26001037975e-10
-6.77310181599e-10
-1.50973567136e-09
-2.8862787661e-09
-4.30646881957e-09
-6.51517297356e-09
-1.01304532258e-08
-8.66409496708e-09
-4.91779952729e-09
-2.18116391234e-10
2.15634417307e-09
1.05230325928e-09
-9.54149486169e-10
-1.42167221025e-09
-6.33545903214e-09
-1.11582340249e-08
-8.89112361823e-09
-4.04281906872e-09
-1.7571888953e-09
-5.16362499497e-10
-1.95678137087e-12
1.46287812449e-13
0.0
0.0
5.03779574244e-12
-5.69648551657e-13
-6.46358430619e-13
-1.18411262975e-11
-2.88523397427e-10
-1.11460507202e-09
-2.27847353042e-09
-3.85385900297e-09
-6.38058485993e-09
-1.01649753029e-08
-1.05454320904e-08
-8.38268357307e-09
-2.15526200185e-09
5.14483853138e-09
7.86711555128e-09
5.83993391145e-09
3.17608918058e-09
-9.00945739195e-10
-5.94269305966e-09
-1.12079901921e-08
-1.04346744427e-08
-5.45444591224e-09
-2.46135628599e-09
-6.94325544096e-10
-5.57540780865e-13
3.24603653318e-13
6.10443872596e-14
0.0
1.77043757384e-13
1.34292672422e-13
-2.0685425499e-13
-2.62411500891e-11
-6.95485275718e-10
-1.74423285856e-09
-3.20745905859e-09
-5.29156709332e-09
-8.76985789003e-09
-1.01927204709e-08
-9.73537323321e-09
-7.06597107666e-09
2.06935596004e-09
8.91228291503e-09
1.22241451022e-08
8.41397411149e-09
3.88388084244e-09
-1.43867588643e-09
-5.49743830099e-09
-1.07960162528e-08
-1.06585052464e-08
-7.46688577922e-09
-3.00396264129e-09
-9.33956457762e-10
-1.37189271587e-11
-2.63241837575e-11
1.21415821021e-13
0.0
-3.15444586439e-14
-1.75866190211e-14
4.15534974097e-13
-6.4489238802e-11
-1.09315752622e-09
-2.46205510154e-09
-4.15731919478e-09
-8.16738419765e-09
-1.05383954701e-08
-1.02780020845e-08
-6.60194116917e-09
-2.8860596822e-09
5.54976193187e-09
1.31386703693e-08
1.36533244346e-08
8.56082999649e-09
2.48220673929e-09
-2.30844711549e-09
-4.78748093164e-09
-1.04071041031e-08
-1.05430869817e-08
-8.08868873156e-09
-3.40722824483e-09
-1.16667276533e-09
-2.78314666534e-11
-2.11507584482e-11
1.43480163184e-13
4.92659852481e-14
-1.2420630591e-13
-5.10444358366e-12
-5.71417863318e-13
-1.42414177927e-10
-1.45189257577e-09
-3.38756662007e-09
-6.30276474652e-09
-1.03164334756e-08
-1.09026332721e-08
-7.36497324404e-09
-4.30422601766e-09
-7.07272881054e-10
9.85060226035e-09
1.5361361228e-08
1.41066441408e-08
7.15112793791e-09
6.22143722247e-10
-2.75303812685e-09
-4.74920733201e-09
-1.02897306837e-08
-1.06909982176e-08
-8.26745565334e-09
-3.48718190274e-09
-1.264051867e-09
-2.1633732003e-11
-2.41258773969e-12
0.0
0.0
0.0
1.42572384622e-14
-2.96658793201e-13
-2.41638278093e-10
-2.01039046083e-09
-4.41315910601e-09
-9.0636734495e-09
-1.09889514276e-08
-9.23361054217e-09
-5.17651795121e-09
-2.75985332419e-09
2.52607681999e-09
1.31473773385e-08
1.60541316748e-08
1.32300439184e-08
4.32075400563e-09
-2.8842923568e-10
-2.95177048671e-09
-5.04940394034e-09
-1.02233299334e-08
-1.04784119418e-08
-7.75252331552e-09
-3.30930113352e-09
-1.29461692971e-09
-2.02801859442e-11
1.1616988442e-12
0.0
0.0
0.0
1.14400863373e-13
-1.3129211728e-12
-3.72675717704e-10
-2.82066656838e-09
-6.57355124042e-09
-1.0452516962e-08
-1.13037065828e-08
-7.88299176233e-09
-4.18564607208e-09
-6.74670982553e-10
6.2368345042e-09
1.45214108528e-08
1.60095407942e-08
1.13933409477e-08
2.57899617647e-09
-1.10520833817e-09
-3.37586880793e-09
-5.50199358997e-09
-1.02490439915e-08
-9.7224165656e-09
-6.71438380226e-09
-3.00897836012e-09
-1.15046798062e-09
-1.77957618491e-11
4.64679537679e-13
0.0
0.0
8.60262211988e-14
1.76695905185e-13
-2.22135027005e-12
-5.20423037988e-10
-3.56108620049e-09
-7.32133143739e-09
-1.11170880598e-08
-1.08841852133e-08
-6.00078372592e-09
-3.00089285121e-09
2.0369970413e-09
7.86330581623e-09
1.44782485424e-08
1.50535617491e-08
8.35894319904e-09
1.67369986529e-09
-1.83601562538e-09
-4.30931345653e-09
-7.92031297844e-09
-1.01093990533e-08
-8.61888943322e-09
-4.39489235707e-09
-2.48565985702e-09
-9.45626276175e-10
-1.41830531002e-11
2.00745074725e-13
-1.64958580839e-14
0.0
5.88369094774e-13
2.30796751018e-13
-3.73212763307e-12
-8.10864495583e-10
-3.94451846315e-09
-7.5525134058e-09
-1.12070726235e-08
-1.03694353509e-08
-5.36440429348e-09
-1.31352169893e-09
4.12859769345e-09
8.51079728026e-09
1.3961132704e-08
1.25674292255e-08
5.9948142744e-09
7.29327879187e-10
-3.05419392416e-09
-6.89270297522e-09
-9.82059699323e-09
-9.5389025328e-09
-6.3547861253e-09
-3.43058981958e-09
-1.90280674787e-09
-7.38743281651e-10
-7.49147596565e-12
8.20803760579e-13
-8.91766747546e-15
3.63996456023e-15
7.75044267005e-14
2.62269035248e-14
-1.12103226589e-11
-9.52475863032e-10
-3.97475998332e-09
-7.54341736389e-09
-1.14619543505e-08
-9.33786446924e-09
-4.67449510728e-09
1.20583971476e-09
5.50197528163e-09
8.78239597062e-09
1.17464908511e-08
9.15805899646e-09
3.82800357189e-09
-1.43313479358e-09
-6.4525750733e-09
-9.90102325798e-09
-8.9528754079e-09
-5.53640696771e-09
-3.90599741219e-09
-2.42950877287e-09
-1.3741430597e-09
-4.65630499635e-10
-8.41158024626e-12
2.42635484976e-12
7.40486252552e-12
1.81998228011e-14
3.21285974971e-14
2.61060363162e-13
-1.42644706954e-11
-8.60598271985e-10
-3.53686471673e-09
-7.13381442155e-09
-1.11235904085e-08
-1.05382682119e-08
-4.49428838038e-09
1.56975967351e-09
5.17985784313e-09
7.84459398283e-09
8.04229008703e-09
6.03294908242e-09
3.54678085442e-10
-5.32801515575e-09
-8.90543334462e-09
-8.73717090303e-09
-5.66530202682e-09
-3.93114454081e-09
-2.82662367826e-09
-1.63695725639e-09
-9.35194157412e-10
-2.03918882783e-10
-2.12885927951e-12
2.99459259442e-13
3.93692687877e-12
0.0
-1.69704874933e-13
-4.04087488464e-14
-1.73592710922e-11
-6.87957713904e-10
-2.57254068895e-09
-6.19617093174e-09
-9.87920652032e-09
-1.02117027141e-08
-5.85362900846e-09
-8.5926369062e-10
2.24442285503e-09
2.95456138593e-09
2.49677391894e-10
-1.03808901151e-09
-4.46005175424e-09
-7.51819512108e-09
-7.91013754109e-09
-6.25142206319e-09
-4.22083080304e-09
-3.02338805076e-09
-1.87303577109e-09
-1.116373454e-09
-4.29912390546e-10
-1.57055300513e-11
-3.13170094622e-12
-1.73858246145e-11
5.5670574151e-14
8.63909277073e-14
2.69971649085e-14
3.72216656359e-14
-1.33592858163e-11
-4.40047375739e-10
-1.70552656791e-09
-4.38013247873e-09
-8.57554354849e-09
-9.21305249646e-09
-7.03363955057e-09
-5.04969079801e-09
-3.52129425469e-09
-4.45592862207e-09
-4.94639002992e-09
-4.76132886003e-09
-5.58908025663e-09
-6.80118770381e-09
-4.61789911591e-09
-4.22193503473e-09
-3.14761153333e-09
-2.01939882042e-09
-1.19804292626e-09
-4.97900319156e-10
-7.78955454554e-11
-7.25288635597e-12
-9.12131627236e-12
-4.67738372071e-12
-1.34360253728e-13
8.36912112164e-14
2.69971649085e-14
9.99131468382e-14
-1.33701096583e-11
-2.3904334346e-10
-9.73411845641e-10
-2.24188839216e-09
-5.33782783614e-09
-6.6963909967e-09
-5.74963070821e-09
-5.75083052427e-09
-5.96429738134e-09
-7.63218133292e-09
-6.91753258063e-09
-4.88643146255e-09
-2.6731391288e-09
-3.1512439052e-09
-2.5982909761e-09
-2.46605500322e-09
-1.69133668878e-09
-9.86178447553e-10
-3.36618650149e-10
-8.96358505874e-11
-9.64014762191e-12
-9.23913568977e-13
-5.44000815206e-12
-1.70077025361e-11
-2.48049699191e-13
0.0
0.0
0.0
-1.15005922812e-13
-2.18035175039e-11
-2.20699190866e-10
-6.6408893507e-10
-1.35521235344e-09
-2.39598099353e-09
-2.98068150732e-09
-3.86732660166e-09
-5.15897048153e-09
-5.77482213611e-09
-3.45726762412e-09
-1.3472202582e-09
-3.65706598655e-11
-5.87130517082e-10
-4.65057045538e-10
-8.80606232301e-10
-5.52959860555e-10
-1.38598000782e-10
1.40605846465e-11
-1.22647445065e-11
-3.36012125952e-12
-5.18095277449e-13
2.44058928066e-13
4.57676212197e-13
0.0
0.0
0.0
0.0
1.69145552952e-15
-4.9399724733e-12
5.57496773299e-12
-3.86233483436e-11
-3.77542484619e-10
-1.86416092691e-10
1.48697264999e-09
1.68309861112e-09
3.73127355567e-10
-1.40700824293e-09
-9.65975165262e-10
7.0497846448e-11
1.83366667942e-10
-4.08267246554e-10
-4.11112898683e-10
-2.53568371237e-10
-8.86986168697e-11
-5.71039099176e-12
-2.45176908274e-12
-1.32239403289e-12
-1.18733060076e-12
-6.07424072359e-13
9.35579863603e-14
4.92118428556e-14
0.0
0.0
0.0
0.0
0.0
0.0
2.12697451666e-13
5.15778172185e-13
1.08420469327e-13
2.27934733588e-12
7.43589455251e-12
2.96213304827e-12
-5.13089993647e-12
-2.47830058945e-12
6.20404537105e-12
1.67651853247e-11
5.89070110939e-12
6.44627940131e-14
-3.79033587739e-13
-1.24031397153e-13
0.0
0.0
0.0
0.0
0.0
0.0
0.0
0.0
0.0
0.0
0.0
0.0
0.0
0.0
0.0
0.0
0.0
0.0
0.0
3.76621780745e-13
2.1375830799e-13
0.0
0.0
7.96105124227e-14
2.37587623011e-13
7.96105124227e-14
0.0
0.0
0.0
0.0
0.0
0.0
0.0
0.0
0.0
0.0
0.0
0.0
0.0
0.0
0.0
0.0
0.0
0.0
0.0
0.0
0.0
0.0
0.0
0.0
0.0
0.0
0.0
0.0
0.0
0.0
0.0
0.0
0.0
0.0
0.0
0.0
0.0
0.0
0.0
8.44730526166e-12
