0.0
0.0
0.0
0.0
0.0
0.0
0.0
0.0
0.0
0.0
0.0
0.0
0.0
0.0
0.0
0.0
0.0
0.0
0.0
0.0
0.0
0.0
0.0
0.0
0.0
0.0
0.0
0.0
0.0
0.0
0.0
0.0
0.0
0.0
0.0
0.0
0.0
0.0
0.0
-2.04251926577e-11
-4.03716698624e-11
-1.65954690344e-11
1.23846042639e-10
1.06058390424e-10
-1.45599671925e-10
-8.09065495695e-11
0.0
0.0
0.0
0.0
0.0
0.0
0.0
0.0
0.0
0.0
0.0
0.0
0.0
-4.31317167662e-12
-1.48730057814e-12
0.0
-1.18730979062e-11
-9.56887000006e-11
-2.32787636239e-11
0.0
1.02341670165e-11
9.58587765903e-12
5.43203356777e-11
1.90336052036e-10
4.76563435774e-10
6.46479169875e-10
2.99111088481e-10
7.91072099478e-11
3.53881394913e-11
5.48836127438e-11
1.70227880536e-11
0.0
0.0
0.0
0.0
0.0
0.0
0.0
0.0
0.0
4.20392306922e-12
-1.14923907923e-11
-6.47220422644e-11
-1.77969692759e-10
-1.70290511919e-10
-1.75015468336e-10
-8.53042045549e-11
-1.78401196889e-10
-5.23879700066e-10
-2.66961934327e-09
-7.27042344473e-09
-2.37809840238e-09
6.51760825197e-09
1.76681710768e-08
2.33772335427e-08
1.56343207722e-09
-3.90871841685e-09
-4.32545062183e-09
-2.01627937052e-09
-4.4512977004e-10
2.02444017113e-11
-1.93075924582e-11
-4.14055809559e-11
-1.18533623913e-11
0.0
0.0
0.0
0.0
1.4413450523e-11
-3.75620218424e-11
7.31590465099e-11
-5.47113000336e-11
-2.09265614173e-10
1.81659503944e-09
5.21161002604e-09
-5.06685659029e-09
-1.98854952779e-08
-3.04591437242e-08
2.53090944341e-08
6.59077630935e-08
3.19561347444e-08
-1.0004196532e-07
-2.60032329738e-07
-3.66566255777e-07
-2.60707379231e-07
-8.88810230241e-08
-4.42075947332e-09
-1.10585260431e-08
-4.68397068866e-09
-4.42949003482e-09
-8.27137297965e-10
-3.31756995302e-11
0.0
0.0
0.0
0.0
1.22966924602e-10
1.55216049667e-11
-4.56046357846e-12
-3.64179713097e-11
1.95487049929e-09
4.07718721843e-09
-6.37671598397e-09
-3.32105161151e-08
-8.2171724146e-08
-1.3344571609e-07
-2.69912228462e-08
-6.42876148664e-09
-1.0525475074e-07
-4.9653197915e-07
-6.06272408198e-07
-5.68409341203e-07
-4.55345224999e-07
-2.5501967974e-07
5.96848243519e-08
-4.63479226057e-08
-3.00977200455e-08
-1.54704868985e-08
-2.32051219381e-09
1.1743012535e-12
4.72502102485e-10
0.0
0.0
0.0
3.02412641184e-11
6.11719732938e-11
-2.51671068012e-10
-1.15487294578e-09
2.05978690145e-09
-7.68084568294e-09
-3.80214229815e-08
-1.13320784618e-07
-2.14240118217e-07
-2.7566595614e-07
-2.10205203895e-07
-1.76573220083e-07
-4.26740134768e-07
-6.35160757391e-07
-6.74875187762e-07
-6.0488679725e-07
-4.85654748656e-07
-4.51536194684e-07
-1.77629410768e-07
-1.89450838267e-07
-1.04467262664e-07
-4.00310327905e-08
-9.72878015721e-09
-6.97037282131e-11
-1.2761051726e-11
-1.62853652024e-11
0.0
0.0
1.21495447877e-11
3.74712581326e-11
-1.99392514913e-10
-2.03531184032e-09
-1.03663612482e-08
-3.46956413388e-08
-1.04573747878e-07
-2.09315072429e-07
-3.0698240154e-07
-4.37482491989e-07
-4.49055038444e-07
-5.38126453743e-07
-4.99557011179e-07
-5.70760380255e-07
-5.83779743241e-07
-5.32737702456e-07
-3.60121182149e-07
-6.50805517455e-07
-6.64576026318e-07
-4.84107324404e-07
-1.86807586458e-07
-7.82337834701e-08
-2.20151118471e-08
-2.08243088934e-10
1.01353171679e-11
-3.43554279613e-11
-5.48452120138e-12
0.0
-4.32393963884e-11
1.09385412511e-10
-2.53614388624e-10
-4.81969825719e-09
-3.04427724901e-08
-8.64646410562e-08
-1.89371820727e-07
-3.04403016334e-07
-4.55190585711e-07
-7.78589308842e-07
-8.08756462974e-07
-5.83247455922e-07
-3.43285130867e-07
-3.30395188212e-07
-3.04796458267e-07
-3.33959614559e-07
-2.96559399532e-07
-6.72972843165e-07
-1.00692582604e-06
-7.51480741258e-07
-2.84262648703e-07
-1.24712132569e-07
-3.5783263763e-08
-1.44465256979e-10
0.0
0.0
0.0
3.06309821098e-10
-1.25929475931e-11
2.05746524533e-10
-5.7515773427e-10
-1.25420063245e-08
-6.74326240314e-08
-1.501518399e-07
-2.8689315776e-07
-4.27834652702e-07
-6.47614381303e-07
-1.00833756861e-06
-8.61722017292e-07
-4.87670454243e-07
-1.87064783711e-08
2.1787773819e-07
1.07265112744e-07
-9.29841951757e-08
-1.38978223318e-07
-6.29302702642e-07
-1.11109360291e-06
-8.85038716231e-07
-4.01635053578e-07
-1.74513831798e-07
-5.13194270656e-08
-1.94132345394e-10
1.45963381817e-11
0.0
0.0
5.02953163038e-10
-5.67321672949e-11
-6.43356418818e-11
-1.17510984018e-09
-2.87183012275e-08
-1.1089878981e-07
-2.26496686733e-07
-3.82932795072e-07
-6.34344959695e-07
-1.01193678869e-06
-1.0498380923e-06
-8.34046395854e-07
-2.12403560758e-07
5.16215963505e-07
7.87525824242e-07
5.847453189e-07
3.18925820049e-07
-8.77674875937e-08
-5.90628622116e-07
-1.1161597894e-06
-1.03903843088e-06
-5.42307926848e-07
-2.44546151379e-07
-6.89960150489e-08
-5.21917573626e-11
3.23783241935e-11
6.08694746672e-12
0.0
1.76561366127e-11
1.33950785931e-11
-2.0468306562e-11
-2.60390865238e-09
-6.92343815092e-08
-1.73463727155e-07
-3.18689029323e-07
-5.25925496565e-07
-8.72566400984e-07
-1.01458609207e-06
-9.69210158389e-07
-7.03300908074e-07
2.08671169729e-07
8.91492870628e-07
1.22218786504e-06
8.41374364615e-07
3.89000981675e-07
-1.42248772028e-07
-5.46693278938e-07
-1.07525652372e-06
-1.06130649686e-06
-7.43195551666e-07
-2.98487890429e-07
-9.28349297923e-08
-1.360452594e-09
-2.61993026274e-09
1.21144140418e-11
0.0
-3.14179654473e-12
-1.70939833208e-12
4.16415835521e-11
-6.40081440849e-09
-1.08770120692e-07
-2.44730505359e-07
-4.12920550588e-07
-8.12660063987e-07
-1.04899212228e-06
-1.02326933779e-06
-6.5671261547e-07
-2.86525746569e-07
5.55493422822e-07
1.3132476496e-06
1.36454597068e-06
8.5576435731e-07
2.48598943742e-07
-2.29480043881e-07
-4.76140515981e-07
-1.03659118239e-06
-1.04980479883e-06
-8.0519723443e-07
-3.38603151889e-07
-1.16005729566e-07
-2.76615758928e-09
-2.10507150759e-09
1.43171285952e-11
4.91499755534e-12
-1.23708238949e-11
-5.08846980998e-10
-5.66051241292e-11
-1.41380900243e-08
-1.4439092899e-07
-3.36688445045e-07
-6.26737966127e-07
-1.02706934356e-06
-1.08550453135e-06
-7.3263836722e-07
-4.27963739827e-07
-6.96390819092e-08
9.84613561985e-07
1.53501658439e-06
1.40966058735e-06
7.1474468076e-07
6.25342847099e-08
-2.73926118993e-07
-4.72356619025e-07
-1.02490616513e-06
-1.06454197275e-06
-8.23029772089e-07
-3.46545943276e-07
-1.25713393352e-07
-2.14882829935e-09
-2.40107202903e-10
0.0
0.0
0.0
1.42242872785e-12
-2.93426485849e-11
-2.39864335979e-08
-1.99848026254e-07
-4.38618297712e-07
-9.02206110454e-07
-1.09403611093e-06
-9.19098249414e-07
-5.14710048419e-07
-2.74451766421e-07
2.52815457291e-07
1.31378969413e-06
1.60408453291e-06
1.32194769929e-06
4.31802822056e-07
-2.83559101448e-08
-2.93701091674e-07
-5.0214259652e-07
-1.01822918566e-06
-1.04337946719e-06
-7.71789240145e-07
-3.28885307764e-07
-1.28785269482e-07
-2.01313258561e-09
1.16057513049e-10
0.0
0.0
0.0
1.1413821784e-11
-1.30450269263e-10
-3.69872093336e-08
-2.80371585938e-07
-6.53995562207e-07
-1.04066604936e-06
-1.12545022941e-06
-7.84484996983e-07
-4.16311908061e-07
-6.66876850493e-08
6.23398389351e-07
1.45095615788e-06
1.59959357629e-06
1.13845170512e-06
2.57878019332e-07
-1.09770819023e-07
-3.35795510975e-07
-5.47023207869e-07
-1.02064756236e-06
-9.68063636195e-07
-6.6829838621e-07
-2.99101393101e-07
-1.14474045253e-07
-1.7670894487e-09
4.64230052194e-11
0.0
0.0
8.5840045946e-12
1.76297463818e-11
-2.20719661886e-10
-5.16462107936e-08
-3.53966505404e-07
-7.2837351688e-07
-1.10684996574e-06
-1.08368893085e-06
-5.96814635107e-07
-2.9843554731e-07
2.04088876001e-07
7.85745901314e-07
1.44658540767e-06
1.50411705904e-06
8.35299114804e-07
1.67716181875e-07
-1.8241266942e-07
-4.28481190099e-07
-7.88294490962e-07
-1.00661417383e-06
-8.57961343112e-07
-4.3680612308e-07
-2.47132678854e-07
-9.41268725472e-08
-1.40845619213e-09
2.00451551753e-11
-1.64617076808e-12
0.0
5.871523216e-11
2.30321807815e-11
-3.70555896556e-10
-8.05088782464e-08
-3.92015397727e-07
-7.51302104822e-07
-1.11584262981e-06
-1.03247133162e-06
-5.33407429496e-07
-1.30048201415e-07
4.13031064294e-07
8.50432328196e-07
1.39497228319e-06
1.25581556578e-06
5.99437859627e-07
7.39851338941e-08
-3.03373624018e-07
-6.85968056481e-07
-9.77818165151e-07
-9.49638235378e-07
-6.3211894279e-07
-3.40950169236e-07
-1.89251954016e-07
-7.35604152041e-08
-7.42779803911e-10
8.19662790686e-11
-8.80289996782e-13
3.62946304653e-13
7.7332890681e-12
2.61729327062e-12
-1.11480733529e-09
-9.45876317459e-08
-3.95016554454e-07
-7.50370468441e-07
-1.14126789167e-06
-9.29362513647e-07
-4.64534861253e-07
1.21935827712e-07
5.50349987444e-07
8.77765568797e-07
1.17392464645e-06
9.15538628195e-07
3.83646674618e-07
-1.4126054773e-07
-6.41951893667e-07
-9.8588502897e-07
-8.90870029159e-07
-5.49922112975e-07
-3.88055090607e-07
-2.41495833845e-07
-1.3675703413e-07
-4.63842202472e-08
-8.34997809651e-10
2.42304199406e-10
7.39376304661e-10
1.81473152326e-12
3.19120440788e-12
2.60498331713e-11
-1.41795878363e-09
-8.54480185668e-08
-3.51471299638e-07
-7.09604707313e-07
-1.10755241802e-06
-1.04918804131e-06
-4.46035785548e-07
1.59029122525e-07
5.18880784408e-07
7.84815972979e-07
8.04616405858e-07
6.04406374327e-07
3.76505359123e-08
-5.2939922387e-07
-8.86179224862e-07
-8.69167131133e-07
-5.62543387111e-07
-3.90252636617e-07
-2.80815157623e-07
-1.62795201935e-07
-9.31369851956e-08
-2.03142299193e-08
-2.09520828574e-10
2.99020223455e-11
3.93112112474e-10
0.0
-1.69527299505e-11
-4.04348811023e-12
-1.72714388803e-09
-6.8318177187e-08
-2.55567780003e-07
-6.16308376322e-07
-9.83424284448e-07
-1.01630607245e-06
-5.80986335716e-07
-8.24569901527e-08
2.27065808609e-07
2.97728906791e-07
2.73300489731e-08
-1.00855155337e-07
-4.42172541246e-07
-7.47284895358e-07
-7.86286361299e-07
-6.21132195789e-07
-4.19177694679e-07
-3.00346667016e-07
-1.86203675767e-07
-1.11136807733e-07
-4.28314178677e-08
-1.55068427837e-09
-3.09067005357e-10
-1.73028729383e-09
5.55291821349e-12
8.61754259097e-12
2.69298205968e-12
3.71727948839e-12
-1.32739211423e-09
-4.37078896925e-08
-1.69415502025e-07
-4.35590388773e-07
-8.53591475769e-07
-9.16447482498e-07
-6.9822450142e-07
-5.00151082157e-07
-3.47753441767e-07
-4.41434968272e-07
-4.90571869758e-07
-4.71802279728e-07
-5.54242856219e-07
-6.75519913378e-07
-4.57867479702e-07
-4.19343905011e-07
-3.12879571149e-07
-2.00850904929e-07
-1.19257864543e-07
-4.95991917528e-08
-7.74955821872e-09
-7.15489972647e-10
-9.0474159609e-10
-4.55380702761e-10
-1.33239052424e-11
8.348244385e-12
2.69298205968e-12
9.97543610119e-12
-1.32978276486e-09
-2.37592087987e-08
-9.67214227618e-08
-2.2276297782e-07
-5.3121168584e-07
-6.65900222266e-07
-5.70358615916e-07
-5.70123495635e-07
-5.91411925158e-07
-7.58361235834e-07
-6.8703735033e-07
-4.84191723033e-07
-2.6323332953e-07
-3.11790148644e-07
-2.57387705205e-07
-2.45039822724e-07
-1.68217605484e-07
-9.81550726977e-08
-3.35002701476e-08
-8.91998069994e-09
-9.56230654078e-10
-9.01125729706e-11
-5.39822293598e-10
-1.69263572834e-09
-2.4597978909e-11
0.0
0.0
0.0
-1.13263448302e-11
-2.16169801348e-09
-2.19085345574e-08
-6.58978744654e-08
-1.34457560029e-07
-2.37763718167e-07
-2.953152131e-07
-3.8331320085e-07
-5.12082741608e-07
-5.73775699884e-07
-3.42420281538e-07
-1.31977713918e-07
-1.59951063694e-09
-5.72248727603e-08
-4.54856704055e-08
-8.74876476751e-08
-5.50096984241e-08
-1.37573154491e-08
1.42979476278e-09
-1.21849900731e-09
-3.33322157867e-10
-5.10471657256e-11
2.45211420497e-11
4.56842612668e-11
0.0
0.0
0.0
0.0
1.68950248153e-13
-4.90758901504e-10
5.67603134023e-10
-3.80309911512e-09
-3.75021262227e-08
-1.82894308456e-08
1.49272203893e-07
1.69101637462e-07
3.83590004266e-08
-1.39701678551e-07
-9.57090980535e-08
7.76709054206e-09
1.88279246569e-08
-4.05150859639e-08
-4.09056426506e-08
-2.52470576455e-08
-8.8294169995e-09
-5.64829305139e-10
-2.42827290596e-10
-1.31002600244e-10
-1.17483894218e-10
-6.02039170395e-11
9.52087120435e-12
4.91363379809e-12
0.0
0.0
0.0
0.0
0.0
0.0
2.124693672e-11
5.15602177932e-11
1.13162806717e-11
2.30233559252e-10
7.48361777187e-10
3.03701330794e-10
-5.0334584881e-10
-2.38743051357e-10
6.267930101e-10
1.67898805526e-09
5.9065333449e-10
7.52207448832e-12
-3.75663705155e-11
-1.23370457977e-11
0.0
0.0
0.0
0.0
0.0
0.0
0.0
0.0
0.0
0.0
0.0
0.0
0.0
0.0
0.0
0.0
0.0
0.0
0.0
3.75937890224e-11
2.13370153911e-11
0.0
0.0
7.96684314573e-12
2.3776047513e-11
7.96684314573e-12
0.0
0.0
0.0
0.0
0.0
0.0
0.0
0.0
0.0
0.0
0.0
0.0
0.0
0.0
0.0
0.0
0.0
0.0
0.0
0.0
0.0
0.0
0.0
0.0
0.0
0.0
0.0
0.0
0.0
0.0
0.0
0.0
0.0
0.0
0.0
0.0
0.0
0.0
0.0
8.64797299882e-10
