0.0
0.0
0.0
0.0
0.0
0.0
0.0
0.0
0.0
0.0
0.0
0.0
0.0
0.0
0.0
0.0
0.0
0.0
0.0
0.0
0.0
0.0
0.0
0.0
0.0
0.0
0.0
0.0
0.0
0.0
0.0
0.0
0.0
0.0
0.0
0.0
0.0
0.0
0.0
-8.70414963627e-09
-1.72042957654e-08
-7.07212157947e-09
3.11620782304e-08
-1.54765799018e-08
-1.49727248365e-07
-7.41021157806e-08
0.0
0.0
0.0
0.0
0.0
0.0
0.0
0.0
0.0
0.0
0.0
0.0
0.0
-1.70908756987e-10
-5.89340541333e-11
0.0
-3.10431472524e-10
-2.47393257936e-09
-6.01580408537e-10
0.0
8.49759401968e-10
-7.96326336889e-10
4.72997654523e-08
1.12410993833e-07
1.91180530545e-07
2.45697085516e-07
1.22308965133e-07
6.93973684821e-08
2.79916582865e-08
3.26634545549e-08
7.80900254405e-09
0.0
0.0
0.0
0.0
0.0
0.0
0.0
0.0
0.0
1.32360467525e-10
-4.6353165769e-10
-1.88766513127e-10
-2.11438418174e-10
-1.4923486724e-10
-4.90240198833e-09
-2.0610873774e-08
-3.87620612007e-08
-4.52431060726e-08
-6.52911667323e-08
1.81205789326e-07
3.19454207384e-06
9.28711887007e-06
3.16994826699e-05
3.72120632746e-05
9.02051890752e-06
-5.46802713416e-07
-3.51080130488e-07
3.36657630837e-07
1.64529663199e-07
-3.90819714255e-09
3.81525912488e-09
-8.94330884097e-10
-2.56024135447e-10
0.0
0.0
0.0
0.0
4.5380731723e-10
-1.09807532173e-10
5.74080375927e-08
1.55966852423e-08
-2.50707341244e-08
1.11241068445e-06
3.50321303795e-06
1.44521171405e-06
-1.29087988369e-06
-9.32421245367e-07
7.38760575574e-05
0.000132791443203
0.000112408875821
1.75477273936e-06
-0.000136075940398
-0.000256688195723
-0.0001682667127
-3.40433208194e-05
1.60066378087e-05
3.6922470536e-06
1.76343416574e-06
2.27352177935e-07
3.72616786498e-08
-3.33647386888e-10
0.0
0.0
0.0
0.0
1.36657634167e-08
9.58478770504e-09
3.75501557908e-09
2.95486510846e-08
1.14461832504e-06
3.41964571743e-06
2.88027217069e-06
1.07835362541e-06
-2.70980471417e-06
6.30531855936e-06
0.000132144475656
0.000167839869405
0.000132698087595
-0.000182525208246
-0.000232835602909
-0.000226689344512
-0.000194501565717
-0.000107624363424
0.000163330054287
3.85841209081e-05
2.6337805938e-06
1.00760452396e-06
2.13125127772e-07
5.71745802837e-09
2.49035549386e-08
0.0
0.0
0.0
3.40068365567e-09
7.69334552103e-09
-5.4686535763e-09
-1.10062266348e-07
2.3826953412e-06
2.15583271017e-06
-8.59720160857e-08
-6.2859364022e-06
-1.01331170545e-05
-1.28424440587e-06
0.000106891560578
0.000145461872104
-5.64080066606e-05
-0.00017925444849
-0.00022002144358
-0.000172770809182
-0.000103710928467
-0.000128963067364
9.47113455741e-05
3.61682317512e-05
6.22217942428e-07
1.85529578201e-08
-1.03548321165e-08
-8.36445457129e-10
-9.09806753664e-10
-2.4440677897e-09
0.0
0.0
5.4783701183e-10
-1.81394711922e-09
2.4140687476e-08
-1.65302444804e-07
-9.80393162133e-07
-1.6148518528e-06
-7.64783501354e-06
-1.05203167649e-05
-6.01637225235e-06
-1.75226820222e-05
1.91612433092e-05
-5.8795010016e-05
-4.92293973077e-05
-0.000158317607567
-0.000204629117247
-0.000122121102957
7.54849708831e-05
-0.000143992621301
-0.000163384683677
-0.000112754686589
-5.49096002748e-07
-1.81659309559e-06
-4.05543862092e-07
-3.30146410099e-08
9.97547124555e-10
-5.15597862484e-09
-5.24035146055e-09
0.0
-1.80041824988e-10
-1.53665203414e-10
1.75492243241e-08
-5.23070474679e-07
-3.86746435926e-06
-1.05335325614e-05
-1.06708008484e-05
-2.9820734821e-06
-2.79364817285e-06
-0.00019794982597
-0.000204192079868
-6.3809591864e-05
-1.94106898158e-05
-0.000146175045052
-0.000161043937336
-0.000114541368952
5.42201963778e-05
-0.000105401790925
-0.000302224317576
-0.000211955116731
-3.61130650619e-06
-3.24230216933e-06
-8.45620517968e-07
-1.14903199053e-08
0.0
0.0
0.0
1.91526718631e-08
-5.61426372729e-09
1.56329834625e-08
-1.46904522937e-09
-1.52603006416e-06
-9.87543254988e-06
-1.32223116021e-05
-1.16248991757e-05
-3.58996272342e-06
-6.28607015415e-05
-0.000289276260097
-0.000183360669634
-4.73848529097e-05
7.92849258191e-05
0.000107175762268
-3.9885054683e-05
-7.25172295996e-05
0.000108575654154
-4.27471062023e-05
-0.000334536741593
-0.000230251344196
-1.56919386486e-05
-4.28580175697e-06
-1.36043129989e-06
-1.3433877438e-08
7.81409923306e-10
0.0
0.0
3.14482142937e-08
-2.84375281095e-08
-2.8222305623e-08
-5.61462542301e-08
-4.13515753932e-06
-1.25448304711e-05
-1.40478366457e-05
-9.68768320405e-06
-6.68614121516e-05
-0.000304546413596
-0.000308776095636
-0.000209981982089
5.00844803194e-05
0.000319474452704
0.00032255594404
0.000188731267167
0.000185232152355
0.000117625234313
-1.11681653546e-05
-0.00033547629538
-0.000323485020983
-8.2902583036e-05
-1.2774023763e-05
-1.73286327171e-06
8.02504407951e-08
1.17502094597e-09
1.10788736902e-10
0.0
-2.12108207735e-09
3.32964382521e-10
-3.16528191266e-08
-1.13309634423e-07
-9.39462675111e-06
-1.4108963892e-05
-7.97429265086e-07
-3.93967146897e-05
-0.000189095522307
-0.00028901468589
-0.000266660876212
-0.000218760356075
0.000163463113104
0.000346857724417
0.000496363412425
0.000337951986904
0.000191592592143
3.61005126848e-05
-2.64560120572e-05
-0.000336452529146
-0.000330281650043
-0.000224730449433
-1.74190424076e-05
-4.90916790938e-06
9.37887197876e-08
-3.80856460613e-08
3.79925193295e-10
0.0
-1.30222298258e-09
8.59386968349e-11
-2.99776790094e-08
-2.70239206986e-07
-1.23056768656e-05
-9.43098340536e-06
1.90195057666e-05
-0.000188148605472
-0.000285217704137
-0.000282236209774
-8.34586768487e-05
-1.88672109518e-05
0.000242206239414
0.000480891451412
0.000510476110902
0.000333336062365
0.000115206387661
-1.45735774927e-05
-2.94532851042e-05
-0.000337070784416
-0.000328696792487
-0.00025720718862
-1.93538976077e-05
-9.6094402082e-06
-8.10847580636e-08
-3.05934625943e-08
4.74456501425e-10
4.92909813058e-10
-5.1275029939e-09
-7.48512909358e-08
-3.12103241656e-08
-5.25388102626e-07
-1.38840632686e-05
-1.33935208419e-05
-7.80512681359e-05
-0.000319135716949
-0.000325121831635
-0.000100628251874
-2.29593619601e-05
7.60914295877e-06
0.000361038715289
0.000530931883
0.000510577554064
0.000272203242573
3.1479069331e-05
-2.19857919258e-05
-2.82621305152e-05
-0.000335925733663
-0.000327438245415
-0.000256115780305
-1.69222942389e-05
-1.26724306248e-05
-1.20781535948e-07
-3.25643067521e-09
0.0
0.0
0.0
1.09663634679e-10
-3.2718998718e-10
-7.8551107963e-07
-1.47162700356e-05
-1.85732548349e-05
-0.000259884461482
-0.000330009964485
-0.000258306009813
-2.92476570355e-05
-2.14233501077e-05
7.41811093059e-05
0.000465234356412
0.000538182054382
0.000465440685869
0.000154116401022
2.47779635324e-05
-2.46115251516e-05
-2.68726265958e-05
-0.000337027418745
-0.000327225989791
-0.000255699634696
-1.65854307159e-05
-1.43852698319e-05
-1.56376458122e-07
6.2312870068e-09
0.0
0.0
0.0
8.09627356703e-10
-1.30476007978e-09
-1.12577944881e-06
-1.6109565457e-05
-0.000116202803103
-0.000321542360852
-0.000330894116127
-0.000164718685804
-2.9091828612e-05
7.87905694074e-06
0.000202820694568
0.000493372992934
0.000536400142697
0.000421278518343
0.000115276189658
6.42111876607e-06
-2.38980169273e-05
-2.49779626383e-05
-0.000332680586462
-0.000324440113026
-0.000196940195168
-1.73451119333e-05
-1.40879353692e-05
-1.57540701304e-07
2.49251480272e-09
0.0
0.0
3.12764927147e-10
1.08864943161e-09
-1.04162425902e-08
-1.29876963017e-06
-1.35508799282e-05
-0.000128020151231
-0.000332572196854
-0.000306966468585
-5.8095609517e-05
-2.38318651944e-05
0.000100882601511
0.000231662788194
0.000482033424636
0.000517677416363
0.000312515390312
0.000129126894516
-1.49007137833e-06
-3.06948765538e-05
-0.000188922743628
-0.000329940950119
-0.000244180385628
-2.78223126355e-05
-1.49906363114e-05
-1.2278163378e-05
-9.82861126812e-08
1.75971165792e-09
-1.69787691291e-09
0.0
3.20555185062e-09
1.30182502712e-09
-1.70944053262e-08
-1.6708615176e-06
-1.08808625242e-05
-0.00012747908714
-0.000337619381962
-0.000300947167849
-2.5705505787e-05
1.55610327694e-05
0.000163582258791
0.000243321357408
0.000468034205239
0.000438229461522
0.000264834689504
0.000166346530737
4.36784294308e-06
-0.000177800052917
-0.000321487056045
-0.000290112457479
-0.000102110872892
-1.21434446775e-05
-1.34335932576e-05
-1.01124006618e-05
2.30874494537e-08
1.35769305507e-08
-1.19444340205e-08
1.83987578209e-11
4.28638220497e-10
1.47934662172e-10
-3.60761981181e-08
-1.75460405953e-06
-8.14119720124e-06
-0.000125267516476
-0.000339565940595
-0.000206552288858
-1.71875265361e-05
0.000142424099811
0.000201384200092
0.000259444484834
0.000375956415936
0.000324988510087
0.000234881978467
9.82810615135e-05
-0.000140087435257
-0.000319832329594
-0.000214256720853
2.0579258171e-05
1.442819122e-06
-1.0568788609e-05
-1.27492723854e-05
-7.10282608946e-06
4.33914725288e-08
4.65971370397e-08
5.45431647864e-08
9.19937891045e-11
-7.48100967496e-09
-6.66040665543e-09
-5.05166730028e-08
-1.63107743444e-06
-6.39198824021e-06
-0.000121319479996
-0.000338232741637
-0.000298267823317
1.59277734912e-05
0.000204763187409
0.000238941997759
0.000284238141914
0.00028661719859
0.000318793718489
0.000115193337066
-0.000102236299854
-0.000212724714844
-0.000165392769321
4.17583362664e-05
3.7903033285e-05
1.15935019293e-05
-9.29615753641e-06
-1.03911815515e-05
-2.97801955461e-06
1.60893181149e-07
2.62372292992e-09
3.89681478579e-08
0.0
-2.01133093511e-08
-1.36947437105e-08
-1.36063506229e-08
-1.17808666991e-06
-3.98097826417e-06
-0.000110357666296
-0.00029794205786
-0.000282052690279
-5.1079841888e-05
0.000154077937775
0.000211140851697
0.000157513012717
-5.21955484696e-05
-1.93408024346e-05
-8.16278982023e-05
-0.000127225852989
-6.39645194716e-05
-2.38545822959e-05
1.67223223608e-05
1.47568685743e-05
-5.48512576272e-07
-1.03528500019e-05
-6.38516713127e-06
7.47617820912e-07
2.74600731614e-07
-2.35388721214e-08
4.21315192217e-10
5.95825902552e-10
1.86195594547e-10
-5.61017807603e-09
2.502443716e-07
-3.34765008276e-07
-1.95500370396e-06
-8.71166889507e-05
-0.000268811190168
-0.000239831049707
-0.00011753041255
-7.02998840051e-05
-5.61587060769e-05
-0.000164361111146
-0.000215807117046
-0.000118501056202
-3.58289037488e-05
-3.43826873772e-05
0.000122416173146
1.06746457547e-05
-9.56490745632e-06
-1.07188128049e-05
-8.82277700474e-06
-6.95867587088e-06
-6.10433446546e-07
5.24975010933e-07
3.81053918606e-07
2.02298142292e-07
-2.05936588515e-10
5.77206343097e-10
1.86195594547e-10
1.41822260689e-09
1.16319672223e-07
2.29080548619e-07
-5.23704810269e-07
-2.51937482268e-05
-0.000202348908079
-0.000225139996512
-0.00011031928098
-0.00011404943683
-0.000130570350448
-0.000255699019542
-0.000220442135746
-5.10967778169e-05
0.000202325926748
0.00013278538225
0.000111123161873
5.66644866123e-06
-9.77352627365e-06
-6.94406114824e-06
-2.43838563488e-06
-8.49778225468e-07
4.85177951778e-08
1.69767833739e-07
1.86457000255e-07
-2.6593960153e-08
-3.80190624951e-10
0.0
0.0
0.0
2.62336633764e-10
1.52951822145e-07
4.64808469695e-07
2.77134329318e-06
-2.02125853636e-05
-9.81116520337e-05
-0.000123519876779
-0.000118615519396
-0.000148612785253
-0.000142629291759
-1.7208900848e-06
0.000110569585924
0.00017358841352
0.000124398943358
0.000114748906223
1.11860003694e-05
-7.60158460875e-07
2.62960618525e-06
2.24443575269e-06
-9.52184691014e-08
-2.43289985363e-08
3.52679712054e-10
1.39961036343e-09
2.66853093709e-09
0.0
0.0
0.0
0.0
2.200304439e-11
-3.33402503661e-08
3.23446322479e-07
1.57231268943e-06
2.49548566545e-06
1.60645123839e-05
0.000128270034125
0.000162167791022
0.000127934478284
6.60697826514e-06
1.30598475087e-05
6.50491762204e-05
5.6602444853e-05
5.1725493045e-06
-5.45655490904e-07
-6.03639307183e-07
8.20963293067e-09
8.43665139254e-08
2.66504941847e-08
1.11321465004e-08
5.15265637788e-09
-9.92846531919e-11
2.43858589129e-09
4.23434244109e-10
0.0
0.0
0.0
0.0
0.0
0.0
3.8363964575e-09
1.0449370671e-08
1.88512025906e-08
5.77929485109e-08
9.73805809788e-08
6.72959539846e-08
-2.0459109271e-08
1.12620886224e-07
2.01708576621e-07
5.00526567032e-07
2.77500784345e-07
4.66221216524e-08
-1.49636263073e-09
-6.32253309795e-10
0.0
0.0
0.0
0.0
0.0
0.0
0.0
0.0
0.0
0.0
0.0
0.0
0.0
0.0
0.0
0.0
0.0
0.0
0.0
5.9769370645e-09
3.3923156312e-09
0.0
0.0
5.09252517374e-09
1.51980048154e-08
5.09252517374e-09
0.0
0.0
0.0
0.0
0.0
0.0
0.0
0.0
0.0
0.0
0.0
0.0
0.0
0.0
0.0
0.0
0.0
0.0
0.0
0.0
0.0
0.0
0.0
0.0
0.0
0.0
0.0
0.0
0.0
0.0
0.0
0.0
0.0
0.0
0.0
0.0
0.0
0.0
0.0
8.50480399476e-07
