0.0
0.0
0.0
0.0
0.0
0.0
0.0
0.0
0.0
0.0
0.0
0.0
0.0
0.0
0.0
0.0
0.0
0.0
0.0
0.0
0.0
0.0
0.0
0.0
0.0
0.0
0.0
0.0
0.0
0.0
0.0
0.0
0.0
0.0
0.0
0.0
0.0
0.0
0.0
-2.04992912773e-12
-4.05181304152e-12
-1.66556741628e-12
1.23897315126e-11
1.06120529803e-11
-1.45642187004e-11
-8.09322365609e-12
0.0
0.0
0.0
0.0
0.0
0.0
0.0
0.0
0.0
0.0
0.0
0.0
0.0
-4.34037607289e-13
-1.49668140444e-13
0.0
-1.19353141856e-12
-9.62608602098e-12
-2.34186354129e-12
0.0
1.02597045945e-12
9.57052932475e-13
5.40133052925e-12
1.89726719937e-11
4.76233096977e-11
6.46147940403e-11
2.98803516147e-11
7.89661761543e-12
3.52646190239e-12
5.46986586164e-12
1.70084405203e-12
0.0
0.0
0.0
0.0
0.0
0.0
0.0
0.0
0.0
4.21497314766e-13
-1.15685587622e-12
-6.52926069302e-12
-1.79551630144e-11
-1.71810814017e-11
-1.76243674294e-11
-8.58241227442e-12
-1.79797359004e-11
-5.28347762171e-11
-2.6869054302e-10
-7.31518113566e-10
-2.4336087809e-10
6.45371963824e-10
1.75526912283e-09
2.32682683826e-09
1.49234604963e-10
-3.94691880471e-10
-4.35971156521e-10
-2.03804102577e-10
-4.52190235194e-11
1.88101451411e-12
-1.98455092923e-12
-4.16356551644e-12
-1.19192267726e-12
0.0
0.0
0.0
0.0
1.44513365063e-12
-3.78689964141e-12
7.24716482657e-12
-5.5574557934e-12
-2.11115280011e-11
1.81033402275e-10
5.19259666827e-10
-5.12296032088e-10
-2.00116790433e-09
-3.07231909877e-09
2.47548450958e-09
6.50736730091e-09
3.08985070575e-09
-1.01346260857e-08
-2.61476077197e-08
-3.67980604469e-08
-2.61893806393e-08
-8.97212851493e-09
-4.92004143834e-10
-1.13126823832e-09
-4.79326416266e-10
-4.46569022679e-10
-8.319203569e-11
-3.34130212277e-12
0.0
0.0
0.0
0.0
1.23159863613e-11
1.51189619155e-12
-4.87554819188e-13
-3.76572920864e-12
1.94812078004e-10
4.05062023239e-10
-6.45657649815e-10
-3.34326702851e-09
-8.26735893814e-09
-1.34378784842e-08
-2.84603474477e-09
-8.46983859722e-10
-1.07884591231e-08
-4.99639078193e-08
-6.09671397924e-08
-5.71659653443e-08
-4.58178824056e-08
-2.57230100102e-08
5.81443395581e-09
-4.71810722603e-09
-3.04188717613e-09
-1.55942903441e-09
-2.33628872618e-10
1.00453519953e-13
4.73143406762e-11
0.0
0.0
0.0
3.02881833858e-12
6.12543878923e-12
-2.53640066182e-11
-1.16266535835e-10
2.03701637074e-10
-7.75637392664e-10
-3.8251610582e-09
-1.13908893034e-08
-2.15404018695e-08
-2.77467507525e-08
-2.12726619648e-08
-1.79753234462e-08
-4.30494012055e-08
-6.39348115067e-08
-6.79122271916e-08
-6.0904561262e-08
-4.89625933153e-08
-4.54905757863e-08
-1.8018533122e-08
-1.91066939542e-08
-1.05212474681e-08
-4.02928310085e-09
-9.77822224822e-10
-7.02363151122e-12
-1.28227686911e-12
-1.6367392589e-12
0.0
0.0
1.21727660419e-12
3.74133268829e-12
-2.01772765182e-11
-2.0484939813e-10
-1.04153794519e-09
-3.48790095957e-09
-1.05095073506e-08
-2.10442261087e-08
-3.08823055844e-08
-4.40189406936e-08
-4.52518053883e-08
-5.42139526488e-08
-5.03810926667e-08
-5.74947416672e-08
-5.87880697266e-08
-5.36965063817e-08
-3.64411754353e-08
-6.54997890339e-08
-6.68153650542e-08
-4.86509449681e-08
-1.88050359973e-08
-7.87234670888e-09
-2.21313080726e-09
-2.09704717582e-11
1.01458322814e-12
-3.45284720372e-12
-5.49534249287e-13
0.0
-4.35319512501e-12
1.0945017299e-11
-2.56029158217e-11
-4.84332884645e-10
-3.05676955742e-09
-8.68432011993e-09
-1.90362438343e-08
-3.06197489678e-08
-4.5794345053e-08
-7.82203111934e-08
-8.12869876127e-08
-5.87441742396e-08
-3.47077916662e-08
-3.33691574846e-08
-3.07889961645e-08
-3.37326294584e-08
-3.00309287313e-08
-6.7718990915e-08
-1.01105740935e-07
-7.54647169957e-08
-2.86081503865e-08
-1.25482550668e-08
-3.59824048524e-09
-1.45476491996e-11
0.0
0.0
0.0
3.06767581712e-11
-1.26442656163e-12
2.05884443551e-11
-5.7917393754e-11
-1.25948273036e-09
-6.77039274759e-09
-1.50898995622e-08
-2.88470500061e-08
-4.3039180646e-08
-6.51163331713e-08
-1.0126183605e-07
-8.6598428023e-08
-4.91407008157e-08
-2.15296382382e-09
2.15838367992e-08
1.05415398738e-08
-9.51940422083e-09
-1.41877647697e-08
-6.33160892492e-08
-1.11539441822e-07
-8.88742971585e-08
-4.04041911084e-08
-1.75609609689e-08
-5.16075090478e-09
-1.95537850487e-11
1.46258516241e-12
0.0
0.0
5.03704794664e-11
-5.69436402512e-12
-6.46084891712e-12
-1.18329553641e-10
-2.88401703652e-09
-1.11409528172e-08
-2.27724816252e-08
-3.85163400563e-08
-6.37721711559e-08
-1.01608393693e-07
-1.0541164768e-07
-8.3788532586e-08
-2.15242702021e-08
5.14641410145e-08
7.8678598123e-08
5.84062109719e-08
3.17728769936e-08
-8.98832250435e-09
-5.93938967536e-08
-1.12037824749e-07
-1.04306582359e-07
-5.4516018039e-08
-2.45991488279e-08
-6.93929589094e-09
-5.54306389085e-12
3.24529645224e-12
6.10286159522e-13
0.0
1.77000281009e-12
1.34261808463e-12
-2.06655064356e-12
-2.62228177451e-10
-6.95200147237e-09
-1.74336216666e-08
-3.20559331793e-08
-5.28863678474e-08
-8.76585030796e-08
-1.0188470872e-07
-9.73144824629e-08
-7.06298000859e-08
2.07093354592e-08
8.91252820488e-08
1.22239456347e-07
8.41395805671e-08
3.88444009469e-08
-1.43720554272e-08
-5.49467029551e-08
-1.07920752872e-07
-1.0654384756e-07
-7.46371846479e-08
-3.0022320209e-08
-9.3344786405e-09
-1.37085379942e-10
-2.63128425332e-10
1.2139134419e-12
0.0
-3.15329188864e-13
-1.75417840914e-13
4.15617957362e-12
-6.44456009535e-10
-1.0926623965e-08
-2.46071692106e-08
-4.15476941788e-08
-8.16368596707e-08
-1.05339996138e-07
-1.02738926837e-07
-6.5987827784e-08
-2.88417104512e-08
5.55023521433e-08
1.31381145981e-07
1.36526170868e-07
8.56054540134e-08
2.48255231645e-08
-2.30720781471e-08
-4.78511482139e-08
-1.04033679562e-07
-1.05390029375e-07
-8.08535946628e-08
-3.40530589624e-08
-1.16607264786e-08
-2.78160439349e-10
-2.11416732074e-10
1.43452339192e-12
4.9255486998e-13
-1.24160868115e-12
-5.10299041699e-11
-5.70928016876e-12
-1.4232046204e-09
-1.45116819686e-08
-3.38569062934e-08
-6.29955602968e-08
-1.03122859769e-07
-1.08983176233e-07
-7.36147287261e-08
-4.30199476946e-08
-7.06283582599e-09
9.85020197665e-08
1.53603519118e-07
1.41057394261e-07
7.1507976458e-08
6.22435517685e-09
-2.7517872093e-08
-4.74688075192e-08
-1.02860421185e-07
-1.06868652712e-07
-8.26408631229e-08
-3.4852117882e-08
-1.26342422347e-08
-2.16205266739e-10
-2.4115419299e-11
0.0
0.0
0.0
1.42542577178e-13
-2.96364603056e-12
-2.41477396729e-09
-2.00930996331e-08
-4.41071262343e-08
-9.05990026482e-08
-1.09845452711e-07
-9.22974432559e-08
-5.17384897177e-08
-2.75846089954e-08
2.52626809008e-08
1.3146522877e-07
1.60529326183e-07
1.32290908056e-07
4.32050932982e-08
-2.87986163088e-09
-2.9504305698e-08
-5.0468656263e-08
-1.02196081779e-07
-1.04743663317e-07
-7.74938316229e-08
-3.30744647502e-08
-1.29400311967e-08
-2.02666676333e-10
1.16159796579e-11
0.0
0.0
0.0
1.14377112789e-12
-1.31215548815e-11
-3.72421475439e-09
-2.81912916559e-08
-6.57050472383e-08
-1.04483588494e-07
-1.12992443719e-07
-7.87953191784e-08
-4.18360159764e-08
-6.73962186318e-09
6.23657963915e-08
1.45203416317e-07
1.60083127278e-07
1.13925452365e-07
2.57897857301e-08
-1.10452687514e-08
-3.3742429512e-08
-5.49911248852e-08
-1.02451837768e-07
-9.71862843935e-08
-6.71153650396e-08
-3.00734876537e-08
-1.14994814641e-08
-1.77844217079e-10
4.64639186316e-12
0.0
0.0
8.60094169421e-13
1.76659896383e-12
-2.22006494407e-11
-5.20063877249e-09
-3.55914357692e-08
-7.31792217365e-08
-1.11126820253e-07
-1.08798957397e-07
-5.99782270057e-08
-2.99939125532e-08
2.03735268323e-08
7.86277964591e-08
1.44771298222e-07
1.5052443464e-07
8.3584070876e-08
1.67401570064e-08
-1.83493619588e-08
-4.30709046442e-08
-7.91692385782e-08
-1.01054767204e-07
-8.61532823416e-08
-4.39245913683e-08
-2.48435947232e-08
-9.45230680531e-09
-1.41741082324e-10
2.00718772306e-12
-1.64927305188e-13
0.0
5.88259262675e-12
2.30753879998e-12
-3.72971663068e-11
-8.10340782444e-09
-3.94230905523e-08
-7.54893225126e-08
-1.12026611532e-07
-1.03653789601e-07
-5.36165217917e-08
-1.31233673711e-08
4.12875648497e-08
8.51021455849e-08
1.39601032301e-07
1.25665930759e-07
5.99477790736e-08
7.30284105001e-09
-3.05233762467e-08
-6.88970777636e-08
-9.81675056419e-08
-9.53504707501e-08
-6.35173964889e-08
-3.4286771072e-08
-1.90187325875e-08
-7.38458242862e-09
-7.48569280827e-11
8.20700864532e-12
-8.90696297581e-14
3.63901592696e-14
7.74889400708e-13
2.62220318179e-13
-1.12046716857e-10
-9.51877454786e-09
-3.97252981653e-08
-7.53981629967e-08
-1.14574856223e-07
-9.33385160713e-08
-4.67185000768e-08
1.20706892079e-08
5.50211748622e-08
8.7819706938e-08
1.17458388417e-07
9.15782069545e-08
3.82877389869e-08
-1.43127137232e-08
-6.44957649541e-08
-9.89719853396e-08
-8.94886961194e-08
-5.533034951e-08
-3.9036896076e-08
-2.42818873962e-08
-1.3735464568e-08
-4.65468071102e-09
-8.40598283852e-11
2.42605538953e-11
7.40385995085e-11
1.81950796348e-13
3.21091943341e-13
2.61009890998e-12
-1.42567645624e-10
-8.60043548189e-09
-3.53485611275e-08
-7.13038983437e-08
-1.11192313442e-07
-1.05340603233e-07
-4.49120889299e-08
1.57162563119e-08
5.18067398959e-08
7.84492206285e-08
8.04264579097e-08
6.03396066271e-08
3.56660096939e-09
-5.32492837024e-08
-8.90147506159e-08
-8.73304462346e-08
-5.66168647676e-08
-3.92854894928e-08
-2.82494792621e-08
-1.63614005752e-08
-9.34846881276e-09
-2.03848322819e-09
-2.12579912314e-11
2.99419915457e-12
3.93640227506e-11
0.0
-1.69688434065e-12
-4.04107979658e-13
-1.73512906248e-10
-6.87524648612e-09
-2.57101165894e-08
-6.19317080905e-08
-9.87512891579e-08
-1.02072902549e-07
-5.84965702494e-08
-8.56113151606e-09
2.24680674585e-08
2.95662703413e-08
2.51823480485e-09
-1.03540732877e-08
-4.45657391749e-08
-7.5140815455e-08
-7.90584972779e-08
-6.24778513782e-08
-4.21819552062e-08
-3.02158069315e-08
-1.8720376147e-08
-1.11591900306e-08
-4.29767203086e-09
-1.56874630499e-10
-3.12796717484e-11
-1.73782911083e-10
5.56577903291e-13
8.63714657757e-13
2.69910830549e-13
3.72174215173e-13
-1.33515219464e-10
-4.39778149309e-09
-1.70449533512e-08
-4.37793542036e-08
-8.5719496415e-08
-9.20864593236e-08
-7.02897563213e-08
-5.04531724375e-08
-3.51732127202e-08
-4.45215392855e-08
-4.94269834989e-08
-4.75739874641e-08
-5.58484731463e-08
-6.79701552938e-08
-4.61434093262e-08
-4.21934996559e-08
-3.14590430838e-08
-2.01841045234e-08
-1.19754677691e-08
-4.97726963744e-09
-7.78592041353e-10
-7.24397125436e-11
-9.11459320699e-11
-4.66614979995e-11
-1.34258522239e-12
8.36723574702e-13
2.69910830549e-13
9.98988034162e-13
-1.33635405383e-10
-2.38911656287e-09
-9.72849644456e-09
-2.24059518595e-08
-5.33549600784e-08
-6.69299935461e-08
-5.74545253065e-08
-5.74632923129e-08
-5.95974285243e-08
-7.62777323882e-08
-6.91325266693e-08
-4.8823916711e-08
-2.6694360756e-08
-3.14821822615e-08
-2.59607544444e-08
-2.46463405158e-08
-1.69050508173e-08
-9.85758202905e-09
-3.36471840253e-09
-8.95962342481e-10
-9.63307062479e-11
-9.21837677027e-12
-5.43620703273e-11
-1.70003144676e-10
-2.4786188721e-12
0.0
0.0
0.0
-1.14848500668e-12
-2.17865660339e-10
-2.20552671633e-09
-6.63625258641e-09
-1.35424739151e-08
-2.39431675078e-08
-2.97818322796e-08
-3.86422322721e-08
-5.15550873704e-08
-5.77145846177e-08
-3.45426666769e-08
-1.34472909493e-08
-3.47026626396e-10
-5.85779391869e-09
-4.64130886124e-09
-8.80085954535e-09
-5.52699866627e-09
-1.38504895205e-09
1.4082171512e-10
-1.22574969304e-10
-3.35767964593e-11
-5.17403151389e-12
2.44164036236e-12
4.57601384916e-12
0.0
0.0
0.0
0.0
1.69128033822e-14
-4.93702953698e-11
5.58416756906e-11
-3.8569557131e-10
-3.77313693704e-09
-1.86096449039e-09
1.48749479695e-08
1.6838177212e-08
3.7407734417e-09
-1.40610130247e-08
-9.65168656494e-09
7.11491900398e-10
1.83812782443e-09
-4.07984241397e-09
-4.10926156106e-09
-2.53468688208e-09
-8.8661891562e-10
-5.70474993376e-11
-2.44963454615e-11
-1.32127167977e-11
-1.1861979676e-11
-6.06936166493e-12
9.37075383346e-13
4.92050363494e-13
0.0
0.0
0.0
0.0
0.0
0.0
2.1267692181e-12
5.1576274887e-12
1.08852517979e-12
2.28144106308e-11
7.44023588127e-11
2.96893817674e-11
-5.1220497667e-11
-2.47004009942e-11
6.2098656483e-11
1.6767448535e-10
5.89214935293e-11
6.54408772546e-13
-3.78727035825e-12
-1.23971321026e-12
0.0
0.0
0.0
0.0
0.0
0.0
0.0
0.0
0.0
0.0
0.0
0.0
0.0
0.0
0.0
0.0
0.0
0.0
0.0
3.76559805172e-12
2.13723132665e-12
0.0
0.0
7.96159069653e-13
2.37603722349e-12
7.96159069653e-13
0.0
0.0
0.0
0.0
0.0
0.0
0.0
0.0
0.0
0.0
0.0
0.0
0.0
0.0
0.0
0.0
0.0
0.0
0.0
0.0
0.0
0.0
0.0
0.0
0.0
0.0
0.0
0.0
0.0
0.0
0.0
0.0
0.0
0.0
0.0
0.0
0.0
0.0
0.0
8.46553600471e-11
