0.0
0.0
0.0
0.0
0.0
0.0
0.0
0.0
0.0
0.0
0.0
0.0
0.0
0.0
0.0
0.0
0.0
0.0
0.0
0.0
0.0
0.0
0.0
0.0
0.0
0.0
0.0
0.0
0.0
0.0
0.0
0.0
0.0
0.0
0.0
0.0
0.0
0.0
0.0
-1.18104580447e-40
-2.33441084789e-40
-9.5959971613e-41
3.73503424089e-12
9.33397261018e-12
1.20799572046e-12
-1.01112969813e-29
0.0
0.0
0.0
0.0
0.0
0.0
0.0
0.0
0.0
0.0
0.0
0.0
0.0
-2.08224197752e-50
-7.18014475008e-51
0.0
-3.33586191848e-42
-1.02038129271e-42
-1.43967244233e-60
0.0
2.12836161609e-10
3.83600058905e-10
1.03951537976e-10
3.9356054404e-13
1.10023508397e-11
2.58852928493e-11
6.25205860461e-12
1.11747102924e-16
2.29893602792e-17
1.3317655194e-19
3.15833720015e-20
0.0
0.0
0.0
0.0
0.0
0.0
0.0
0.0
0.0
1.25868037508e-18
2.99685803591e-19
-2.01044053002e-50
-1.49879356512e-54
-8.72432075288e-55
2.9613959828e-10
1.53175661523e-10
2.55817033738e-10
4.82969293135e-10
2.05901463664e-09
1.18857851526e-09
1.31017650038e-09
3.37483169995e-09
4.78305394768e-09
1.43354634412e-09
1.64995664056e-10
4.38156050453e-10
6.09592563784e-10
6.63991156384e-10
7.61049813363e-11
2.26861992343e-11
4.60476289214e-13
-4.97049343517e-48
-1.42292557164e-48
0.0
0.0
0.0
0.0
4.31547557172e-18
1.04890031257e-18
8.81806027723e-11
4.26754562914e-13
4.43023980548e-13
2.84476879354e-10
6.65948885542e-10
3.36756023645e-09
8.6168179436e-09
5.25164127287e-08
1.41226794241e-07
2.89316769303e-07
1.70073378698e-07
-0.000637397750066
-0.00198747760378
-0.0031624928878
-0.0019874954531
-0.000624988831129
1.58860327938e-08
7.020267032e-09
3.93989210391e-09
1.81792947636e-09
2.46987219464e-10
-1.36444917828e-49
0.0
0.0
0.0
0.0
3.40948158882e-13
2.90360864602e-13
2.35449141688e-12
2.2565091658e-11
1.17144745739e-10
3.30412693997e-09
9.4845507743e-10
4.38115079622e-09
1.40787456037e-08
1.28702896439e-07
4.24125294656e-07
6.440867088e-07
-0.000599412688931
-0.00297478553122
-0.00314991449705
-0.00314996906072
-0.00314997623907
-0.00296246047545
2.93804700424e-08
1.93021976916e-08
1.19048056583e-08
6.54917190182e-09
1.4766831421e-09
9.98404510739e-13
3.02636950934e-13
0.0
0.0
0.0
8.52368898776e-14
2.67441244768e-13
1.45324263072e-12
7.82426795847e-13
1.71304610822e-10
2.86737193953e-10
4.32778460822e-10
3.65657196925e-09
1.61231965378e-08
8.39052017184e-08
4.73895266288e-07
-0.000674095511801
-0.00283678150448
-0.00316220119719
-0.00314990062964
-0.00298746326444
-0.00291246226307
-0.00314995254873
-0.000712470405351
-7.49786512005e-05
1.05925488459e-08
6.13982755287e-09
1.02481315919e-09
1.22414873075e-17
-3.12209700744e-41
-7.39421199225e-51
0.0
0.0
7.53639545257e-14
1.57152084056e-13
5.36537350376e-10
5.65607346718e-10
7.27218022642e-11
2.46691212849e-10
2.91165021413e-10
2.26152512599e-09
1.18183993281e-08
-0.000124961133437
-0.000749597651103
-0.00279908024817
-0.00314922506654
-0.00316216161433
-0.00314990839385
-0.00252495244419
-0.00104992412082
-0.00314994362349
-0.00316247464985
-0.00152498518274
6.78925124173e-09
4.37169315519e-09
6.00529915089e-11
2.58431393146e-17
7.79867216954e-13
-1.55987485864e-50
-2.08828970195e-30
0.0
1.77942670408e-14
3.49040048321e-13
5.04933990497e-10
7.31398869004e-10
1.06462080807e-10
6.04585173844e-11
2.7540221861e-10
9.7307268374e-10
9.68923976111e-09
-0.00203747510134
-0.00314974462926
-0.00314910772511
-0.00314909428055
-0.00316211486468
-0.00314990574633
-0.00314991820219
-0.00119991264346
-0.00236244702406
-0.00316248093552
-0.00208749069608
4.01379578739e-09
1.75960542725e-09
1.80456787578e-11
-8.72787086328e-24
0.0
0.0
0.0
1.08375888643e-11
-8.70340824717e-38
2.53422412126e-12
6.22278361807e-10
6.68159575964e-10
5.43099930555e-11
1.0778674089e-11
1.32478699076e-10
5.66384062248e-10
-0.000637493313067
-0.00297497925415
-0.00316236926347
-0.00316162494254
-0.0023739211992
-0.00142457242854
-0.0031623958667
-0.00284990689124
-0.000587423882863
-0.000987469648887
-0.00318748888573
-0.00209999671013
1.79939647177e-09
7.88019432239e-10
5.62435490644e-12
6.87256234434e-14
3.45314151304e-14
0.0
0.0
1.77950533203e-11
-4.48064350503e-37
-3.93265113391e-37
6.22288938424e-10
4.26825358188e-10
2.23645394495e-11
2.66895427826e-11
9.11743236441e-12
-0.000599999873931
-0.0029749961257
-0.00314998501153
-0.00314989241798
-0.00223668243229
-0.000148821281223
-0.000936954214426
-0.00151237305895
-0.000262401761263
4.52822215307e-08
1.48098612096e-08
-0.00316249538555
-0.00303749829345
-0.000624999152457
2.90185941614e-10
1.39394149736e-15
4.81192511045e-12
3.75316044897e-14
1.00629753829e-18
0.0
2.07166643192e-15
1.10272284946e-15
5.0689392349e-17
6.6731038967e-10
3.75300031894e-10
3.0193923645e-11
1.27372969404e-13
-0.000474999999968
-0.00206249999282
-0.00316249921687
-0.00291249160193
-0.00259991356551
-0.00104922554505
1.32060475881e-06
6.30573322036e-07
1.38881737405e-07
7.19936366998e-08
2.13957422626e-08
5.86865267025e-09
-0.00316249838743
-0.00314999938949
-0.00206249996686
1.23949529754e-11
-4.536565952e-16
7.00518823389e-12
1.90353125977e-14
1.84306952307e-16
0.0
-9.9411532779e-38
1.60378267581e-19
3.97047002141e-17
7.49575472771e-10
1.0525531284e-10
1.59283682779e-11
-8.74999999672e-05
-0.00222499997321
-0.00314999998699
-0.00299999981958
-0.000887494939739
-0.000237440566527
-0.000349313234383
1.37318856739e-06
6.7801121964e-07
1.18564318968e-07
3.14959880243e-08
7.59823281355e-09
1.91524232137e-09
-0.00316249936995
-0.00314999998839
-0.00243749999812
1.99916095114e-12
1.54288208772e-12
1.19856223131e-13
1.90317111118e-14
2.4692131774e-16
4.07337013198e-12
-3.91432910317e-37
8.63575286973e-20
8.10571992349e-11
5.569154871e-10
9.8381322438e-12
2.09566468953e-13
-0.000712499990252
-0.00314999999286
-0.00314999998964
-0.000787499582518
2.12819476036e-09
4.59622750412e-08
6.71964117016e-07
1.47175857331e-06
6.96447302475e-07
6.66094117888e-08
9.64452013447e-09
2.1492884495e-09
5.79919366497e-10
-0.0031624999928
-0.00314999999798
-0.00243749999987
1.33552586054e-12
3.1433875921e-15
9.94282201887e-14
1.48024419759e-14
0.0
0.0
0.0
1.1007767598e-11
1.6892721483e-10
2.46959488833e-10
3.46067511116e-12
1.1107118384e-12
-0.00247499999923
-0.00316249999633
-0.00237499992679
3.59956386948e-10
3.54567088202e-10
3.78201516868e-08
6.83456204622e-07
1.50803428852e-06
7.62653187937e-07
2.72078641414e-08
2.96419281107e-09
3.42826009893e-10
3.85186064661e-12
-0.00318749999952
-0.00316249999611
-0.0024499999965
-2.41413723466e-16
1.33279965431e-19
1.50255578518e-20
1.96553278228e-22
0.0
0.0
0.0
6.56967242183e-11
5.11115367375e-11
3.89970643962e-13
1.0233372954e-11
-0.000949999995077
-0.00307499998531
-0.00314999995468
-0.00139999993308
2.21329682029e-10
4.35199950242e-09
6.15224898368e-08
7.12555043332e-07
1.48956889236e-06
8.21814818978e-07
1.90187234752e-08
7.00845988191e-10
6.37530343758e-11
2.28680577309e-12
-0.00316249999948
-0.00314999998893
-0.00184999998436
-2.07893913682e-19
-1.12880490121e-20
3.96157705576e-21
7.86213112911e-23
0.0
0.0
2.70511707773e-14
4.76235813802e-11
1.00415975088e-16
9.45830160803e-15
1.512757918e-11
-0.00106249997776
-0.0031499999728
-0.00287499990966
-0.000312499532033
3.84410838817e-09
1.98032614303e-08
1.07381995131e-07
6.59542609473e-07
1.35293294672e-06
8.01052087371e-07
3.0543539288e-08
6.68637519854e-10
-8.74998681606e-05
-0.0016874999427
-0.00316249999898
-0.00232499999555
-0.000149999994
1.81183492307e-14
1.99557574894e-13
7.89783262096e-17
4.23954390425e-19
-1.82950015322e-23
0.0
1.87063439719e-14
4.13944688509e-16
-4.77234125618e-37
9.28437371054e-11
1.87708461372e-11
-0.00106249995554
-0.00314999998786
-0.00278749929367
3.17824740848e-09
1.3976526265e-08
4.49434044639e-08
1.41158193314e-07
5.99449923234e-07
1.26747420699e-06
8.47024085969e-07
1.03552831685e-07
-8.74986091665e-05
-0.00163749980616
-0.00314999987672
-0.00281249990987
-0.000887499998615
2.39706670728e-11
5.63403293033e-14
1.45489137753e-13
3.26460927896e-16
1.87999623891e-11
4.69999044686e-12
4.89004122741e-17
3.08495655053e-16
4.70391691487e-17
-5.37136576042e-37
-2.43687822645e-22
1.31455905996e-14
-0.00106249999663
-0.00314999957253
-0.00181249727297
1.17458989807e-08
2.8209402564e-08
7.71940373892e-08
1.48864315622e-07
5.45960576748e-07
1.18017787367e-06
8.6568371486e-07
-0.000599817392698
-0.00206249217317
-0.00314999899972
-0.00216249976091
3.28633891117e-11
7.98345099804e-11
1.87322217147e-11
1.19692452556e-13
5.3315273377e-14
1.69770298765e-12
7.46123489765e-11
7.57873529693e-11
2.44502061371e-16
1.33661126812e-15
1.84250328802e-20
1.74498878238e-12
2.15316273029e-12
6.75611629401e-11
-0.00107499901504
-0.00316249760761
-0.00281249002376
2.20717800695e-08
4.30880365221e-08
8.31051020469e-08
1.51804973953e-07
4.49947066132e-07
1.01707346945e-06
-0.00142414860542
-0.0029746962104
-0.0031624761656
-0.00202499715554
5.53955941828e-10
1.09552606397e-10
2.81938436778e-11
2.82656911255e-12
9.88083601822e-14
5.72545952633e-14
3.24068792933e-14
4.13075115343e-15
5.88035751659e-11
0.0
-1.78210394128e-24
4.36274994698e-21
1.42335287141e-17
1.12064484793e-09
1.25422107909e-09
-0.0010624975649
-0.00314999323124
-0.00311248131224
-0.00182496664481
-0.000599948885018
-0.000362414907398
-0.0010623581263
-0.00222459466175
-0.00281164177507
-0.00316165329483
-0.00278725947233
-0.0020874236296
-0.000699989818376
2.93237919578e-09
5.33984381617e-10
8.81940653942e-11
2.78821424281e-12
6.55488466016e-14
4.96184171255e-13
1.64763463672e-14
1.23909060984e-14
2.10636172501e-13
5.49063938444e-17
1.71582480764e-17
2.5934920229e-11
1.88727406416e-11
9.69475520557e-11
1.28861974876e-09
-0.00106249529797
-0.00314998593321
-0.00314997512004
-0.00314996175423
-0.00286244708803
-0.00268743618212
-0.00314988196907
-0.00314962913297
-0.00314925202301
-0.00244913771564
-0.00162469358018
1.06939797873e-07
1.62064808862e-08
5.19219923203e-09
9.46301003363e-10
1.39048215426e-10
2.65136902818e-12
6.61016408847e-14
5.33914631856e-12
1.1740851668e-14
1.31946761875e-14
-2.02000408892e-60
5.31905690368e-17
1.71582480764e-17
2.55936712787e-11
1.88727406414e-11
9.75491496296e-11
2.0993889614e-09
-0.000349990304228
-0.00248748128551
-0.00314996785185
-0.00314995991451
-0.00316244321857
-0.00314994967064
-0.00314987920873
-0.00291216280002
-0.00181181244807
8.74983418798e-07
4.08923857375e-07
1.32767286229e-07
2.29227893971e-08
9.47897930748e-09
2.29803722454e-09
1.5282679088e-10
1.15811590721e-12
5.45228000618e-14
2.73012595677e-17
3.96813079189e-15
1.13792854207e-18
-3.729238318e-60
0.0
0.0
0.0
4.77301296018e-16
1.34747792864e-10
3.50239202332e-09
1.38238731263e-08
-0.000312474668694
-0.00159997288614
-0.00314997022711
-0.00316245127083
-0.00314996308105
-0.00176240136118
-0.000462236172341
6.77751974107e-07
7.67616060032e-07
3.81158534907e-07
1.2905068601e-07
1.95054726421e-08
1.04289169646e-08
2.37915140511e-09
1.44186716018e-10
5.41097912073e-12
5.54892809802e-14
1.33953504889e-15
1.66771755251e-19
5.33730007433e-15
0.0
0.0
0.0
0.0
3.97751080015e-17
8.36750354331e-11
4.27942595427e-09
8.63851373174e-09
7.46805183013e-09
8.28326990121e-09
2.19668194537e-08
3.99613682186e-08
1.70301655717e-08
4.08258879066e-08
7.06116169862e-08
3.68619376861e-07
3.75897114393e-07
8.99053943578e-08
1.28880991386e-08
8.15131751902e-09
5.61627530391e-09
6.84497181156e-10
3.66741185741e-11
2.27620270528e-12
1.86819552447e-11
-1.47453081879e-61
1.09960997535e-13
1.90317111118e-14
0.0
0.0
0.0
0.0
0.0
0.0
2.29733736727e-12
6.52780008018e-12
1.23770451327e-10
1.94872864623e-10
3.05123951928e-11
1.54792420778e-08
4.3959924367e-10
1.3643349714e-09
1.22173395659e-09
2.29893163185e-09
5.21020933036e-10
2.0762161994e-12
1.08294510956e-13
-1.54422499881e-32
0.0
0.0
0.0
0.0
0.0
0.0
0.0
0.0
0.0
0.0
0.0
0.0
0.0
0.0
0.0
0.0
0.0
0.0
0.0
9.34539272517e-09
5.30414181699e-09
0.0
0.0
3.03101074429e-17
9.04567268999e-17
3.03101074429e-17
0.0
0.0
0.0
0.0
0.0
0.0
0.0
0.0
0.0
0.0
0.0
0.0
0.0
0.0
0.0
0.0
0.0
0.0
0.0
0.0
0.0
0.0
0.0
0.0
0.0
0.0
0.0
0.0
0.0
0.0
0.0
0.0
0.0
0.0
0.0
0.0
0.0
0.0
0.0
-1.24934081114e-05
