0.0
0.0
0.0
0.0
0.0
0.0
0.0
0.0
0.0
0.0
0.0
0.0
0.0
0.0
0.0
0.0
0.0
0.0
0.0
0.0
0.0
0.0
0.0
0.0
0.0
0.0
0.0
0.0
0.0
0.0
0.0
0.0
0.0
0.0
0.0
0.0
0.0
0.0
0.0
-1.97241046227e-10
-3.89859255434e-10
-1.6025835006e-10
1.23184187053e-09
1.05125848164e-09
-1.45507206453e-09
-8.07940020592e-10
0.0
0.0
0.0
0.0
0.0
0.0
0.0
0.0
0.0
0.0
0.0
0.0
0.0
-4.04440326542e-11
-1.39462181566e-11
0.0
-1.1258108165e-10
-9.0022987014e-10
-2.1893623779e-10
0.0
9.96814428903e-11
9.67952868691e-11
5.7102988625e-10
1.95771285428e-09
4.78873645064e-09
6.4853391346e-09
3.01376832759e-09
8.03086583458e-10
3.65195320262e-10
5.65733837223e-10
1.71280176205e-10
0.0
0.0
0.0
0.0
0.0
0.0
0.0
0.0
0.0
4.08373821162e-11
-1.07425046297e-10
-5.88676194678e-10
-1.61743674846e-09
-1.54683447185e-09
-1.62673778279e-09
-8.02452336298e-10
-1.64805416078e-09
-4.79917103302e-09
-2.49731885227e-08
-6.82216447077e-08
-1.82641746945e-08
7.14841475903e-08
1.88171852599e-07
2.44595416732e-07
2.26995762537e-08
-3.52937925263e-08
-3.98507712452e-08
-1.79972529356e-08
-3.75291678257e-09
3.41372305288e-10
-1.40586940563e-10
-3.91335602765e-10
-1.1202940785e-10
0.0
0.0
0.0
0.0
1.40013881541e-10
-3.44893986991e-10
8.01135157429e-10
-4.59758199286e-10
-1.90747667169e-09
1.87801670815e-08
5.39815722136e-08
-4.50838380979e-08
-1.8628499837e-07
-2.78233294381e-07
3.08437740587e-07
7.42237722646e-07
4.25015637433e-07
-8.70069086164e-07
-2.45558595361e-06
-3.52371778823e-06
-2.48796022607e-06
-8.04679895802e-07
5.6815412324e-09
-8.52348777476e-08
-3.59572800853e-08
-4.06831672379e-08
-7.80686604854e-09
-3.08172996027e-10
0.0
0.0
0.0
0.0
1.2092765923e-09
1.94326676257e-10
-1.43677170809e-11
-2.42640724181e-10
2.02035313698e-08
4.33867857997e-08
-5.58224399448e-08
-3.09873147088e-07
-7.71387702169e-07
-1.24084156902e-06
-1.2273839356e-07
1.40040635497e-07
-7.89212159805e-07
-4.65398086832e-06
-5.721598334e-06
-5.357883335e-06
-4.26905469319e-06
-2.32843974373e-06
7.51610034013e-07
-3.79668885181e-07
-2.68746530828e-07
-1.42275273082e-07
-2.16507668286e-08
2.82962572501e-11
4.65748488099e-09
0.0
0.0
0.0
2.97457554966e-10
6.02696574414e-10
-2.31951286942e-09
-1.07740037482e-08
2.2838467648e-08
-6.93020279852e-08
-3.57176491743e-07
-1.07416356134e-06
-2.02533561883e-06
-2.57531596347e-06
-1.84839501691e-06
-1.44611295661e-06
-3.89058329124e-06
-5.93154765699e-06
-6.32297581363e-06
-5.6319424944e-06
-4.45798356165e-06
-4.17655055821e-06
-1.51864010774e-06
-1.73119796019e-06
-9.69397498407e-07
-3.73916536505e-07
-9.23186733569e-08
-6.43902692927e-10
-1.21569075256e-10
-1.54913214979e-10
0.0
0.0
1.1897948115e-10
3.7893753605e-10
-1.75655864581e-09
-1.9040521396e-08
-9.87871505419e-08
-3.28655260325e-07
-9.9341922132e-07
-1.97972174691e-06
-2.88426795284e-06
-4.10162427837e-06
-4.1412141183e-06
-4.97720111681e-06
-4.56840781211e-06
-5.28826365115e-06
-5.42771793256e-06
-4.90427776992e-06
-3.17092238804e-06
-6.08598407606e-06
-6.28438387008e-06
-4.59789822965e-06
-1.74227924368e-06
-7.32879055061e-07
-2.08426392965e-07
-1.93544098787e-09
1.00132365766e-10
-3.26803220641e-10
-5.38760176934e-11
0.0
-4.0291747444e-10
1.08537299087e-09
-2.29597632809e-09
-4.5840783796e-08
-2.91954032996e-07
-8.26719847664e-07
-1.79402465971e-06
-2.86291819961e-06
-4.27365887054e-06
-7.42044576937e-06
-7.67204193044e-06
-5.41017700157e-06
-3.05297894941e-06
-2.97561656639e-06
-2.74071212277e-06
-3.00427113183e-06
-2.59027390309e-06
-6.30502304759e-06
-9.65121484345e-06
-7.1938464722e-06
-2.65831446591e-06
-1.1692222005e-06
-3.37714561217e-07
-1.34324585572e-09
0.0
0.0
0.0
3.01496516085e-09
-1.2098623541e-10
2.04167620306e-09
-5.35078707076e-09
-1.20145750883e-07
-6.47139119699e-07
-1.42636854488e-06
-2.70975228033e-06
-4.01981248133e-06
-6.11694398995e-06
-9.64996072901e-06
-8.18669146277e-06
-4.50123007387e-06
9.38788349184e-08
2.37880558486e-06
1.25330716423e-06
-7.114874087e-07
-1.10022796456e-06
-5.90425034149e-06
-1.06755903521e-05
-8.47478810361e-06
-3.77238721544e-06
-1.63424475334e-06
-4.84095734994e-07
-1.80048855645e-09
1.42793009261e-10
0.0
0.0
4.95049835053e-09
-5.47021443955e-10
-6.1704925716e-10
-1.09317218731e-08
-2.74983194493e-07
-1.05764293252e-06
-2.14110281903e-06
-3.60382213024e-06
-6.00151195291e-06
-9.69917053204e-06
-1.00652734398e-05
-7.95302452987e-06
-1.84000462184e-06
5.31559986615e-06
7.94268054693e-06
5.91003098133e-06
3.30554468374e-06
-6.66633806582e-07
-5.57251583364e-06
-1.07344999282e-05
-9.98201470678e-06
-5.13398368558e-06
-2.29919108395e-06
-6.49831073574e-07
-1.99304243046e-10
3.15679569725e-10
5.91333844587e-11
0.0
1.71750990334e-10
1.30599812692e-10
-1.87281491285e-10
-2.41926783736e-08
-6.63630964966e-07
-1.64677172452e-06
-2.99790716139e-06
-4.96180332793e-06
-8.31834792216e-06
-9.71420971026e-06
-9.29408389534e-06
-6.73113739088e-06
2.24210052313e-06
8.93209198094e-06
1.219295644e-05
8.40536970209e-06
3.9423701571e-06
-1.27574966905e-06
-5.18726561856e-06
-1.03525544055e-05
-1.01940677747e-05
-7.11001628916e-06
-2.80927376834e-06
-8.76818178442e-07
-1.25647847654e-08
-2.50584686743e-08
1.18424740586e-10
0.0
-3.0322199187e-11
-1.27745355355e-11
4.20847664133e-10
-5.95970597269e-08
-1.03774895406e-06
-2.31204499332e-06
-3.87055712873e-06
-7.75068140074e-06
-1.00431297979e-05
-9.81558512903e-06
-6.24732585807e-06
-2.67588697933e-06
5.59717728991e-06
1.30673115533e-05
1.35650172235e-05
8.52260099799e-06
2.51785158463e-06
-2.17074528148e-06
-4.52243296454e-06
-9.98675052909e-06
-1.0082714117e-05
-7.71350050913e-06
-3.19104750842e-06
-1.09933075917e-06
-2.61115121172e-08
-2.01364010844e-08
1.40074892502e-10
4.8042409674e-11
-1.19393659299e-10
-4.94508536288e-09
-5.20195600185e-10
-1.31890847758e-07
-1.3708378194e-06
-3.17686033341e-06
-5.94127036709e-06
-9.84884751871e-06
-1.04165477556e-05
-6.97150250861e-06
-4.0543831956e-06
-5.98860769615e-07
9.79852190096e-06
1.52386738013e-05
1.39963592691e-05
7.10888614633e-06
6.52865758047e-07
-2.61369241301e-06
-4.48845201599e-06
-9.87460586266e-06
-1.02250398975e-05
-7.88771940723e-06
-3.26568589448e-06
-1.19372176331e-06
-2.01655771551e-08
-2.29586839563e-09
0.0
0.0
0.0
1.3908364711e-11
-2.64861845683e-10
-2.23569571953e-07
-1.88929071625e-06
-4.13791376238e-06
-8.63830417952e-06
-1.04923339095e-05
-8.79865988581e-06
-4.87720265845e-06
-2.60486856059e-06
2.54374834379e-06
1.30432191209e-05
1.59101019792e-05
1.31149065971e-05
4.28959938475e-06
-2.40193420591e-07
-2.80231318522e-06
-4.7646193984e-06
-9.80425128982e-06
-1.00221435587e-05
-7.39864420911e-06
-3.10091421039e-06
-1.22594888315e-06
-1.87819696175e-08
1.14891743646e-09
0.0
0.0
0.0
1.11610652236e-10
-1.2291966318e-09
-3.44112062111e-07
-2.64785470124e-06
-6.23033878111e-06
-9.98376209617e-06
-1.08010452179e-05
-7.49422335531e-06
-3.95700175427e-06
-5.97226195434e-07
6.20299625868e-06
1.439279942e-05
1.58623929697e-05
1.12969799218e-05
2.57430859521e-06
-1.02994631141e-06
-3.19418678003e-06
-5.17833136697e-06
-9.81408097963e-06
-9.2950493158e-06
-6.39363369411e-06
-2.82606506992e-06
-1.09241452051e-06
-1.65396295144e-08
4.59566974584e-10
0.0
0.0
8.40118266429e-11
1.7243809276e-10
-2.07891165568e-09
-4.80037195073e-07
-3.34237706089e-06
-6.93718812787e-06
-1.06205007042e-05
-1.04013097343e-05
-5.66860044783e-06
-2.83378930551e-06
2.07362958171e-06
7.79814258298e-06
1.43440914367e-05
1.49192808488e-05
8.29310408624e-06
1.70682386377e-06
-1.7159822564e-06
-4.06014413094e-06
-7.5390245546e-06
-9.6671296426e-06
-8.217219822e-06
-4.12099863061e-06
-2.33987342527e-06
-9.01533405486e-07
-1.31923364376e-08
1.97353504455e-10
-1.61782104822e-11
0.0
5.75209662899e-10
2.25660486146e-10
-3.46345662953e-09
-7.51902949611e-07
-3.6955976071e-06
-7.14895774155e-06
-1.07100854766e-05
-9.91323589786e-06
-5.05608624513e-06
-1.18291003049e-06
4.14194339315e-06
8.43873633496e-06
1.38371138427e-05
1.24658462451e-05
5.98613306609e-06
8.34609166648e-07
-2.84652301743e-06
-6.55609536159e-06
-9.38736142269e-06
-9.10414305619e-06
-6.01142947672e-06
-3.21558798559e-06
-1.79829616994e-06
-7.0700519726e-07
-6.85191583013e-09
8.08359948771e-10
-8.07352549435e-12
3.52727828237e-12
7.56528820784e-11
2.56432370621e-11
-1.05804968419e-08
-8.85062653243e-07
-3.7233690273e-06
-7.13753117809e-06
-1.09586710235e-05
-8.88688557564e-06
-4.37880101679e-06
1.34021795556e-06
5.51249430348e-06
8.72766194406e-06
1.16653852046e-05
9.12482856518e-06
3.9105704943e-06
-1.22558722495e-06
-6.11595163254e-06
-9.47052172293e-06
-8.50145182581e-06
-5.15647802682e-06
-3.64636506601e-06
-2.28144649448e-06
-1.30749512985e-06
-4.47586408868e-07
-7.79358451147e-09
2.3910116923e-09
7.285558208e-09
1.76363914119e-11
2.96264213072e-11
2.54685829527e-10
-1.34064181482e-08
-7.98084782592e-07
-3.3104097644e-06
-6.74773618643e-06
-1.06327175891e-05
-1.00655433177e-05
-4.15049649421e-06
1.77472509502e-06
5.26541564987e-06
7.87444229099e-06
8.07542435386e-06
6.14119134125e-06
5.74000920622e-07
-4.98234607557e-06
-8.4603792833e-06
-8.27255019974e-06
-5.2581878947e-06
-3.639260925e-06
-2.63852942917e-06
-1.54549627887e-06
-8.96507583674e-07
-1.96104047469e-07
-1.79400435146e-09
2.94388870087e-10
3.87474418699e-09
0.0
-1.68248972664e-10
-4.10413973495e-11
-1.6475164087e-08
-6.39172907682e-07
-2.4002044703e-06
-5.85788215101e-06
-9.42003889198e-06
-9.71626845883e-06
-5.41007007541e-06
-5.10036969426e-07
2.5063228162e-06
3.18049261878e-06
4.85474922546e-07
-7.40815413832e-07
-4.07160484129e-06
-7.05663958253e-06
-7.42798950153e-06
-5.84230083632e-06
-3.92468128934e-06
-2.82062994653e-06
-1.76131493922e-06
-1.06569108114e-06
-4.13801600113e-07
-1.3726950863e-08
-2.72423816118e-09
-1.65452484098e-08
5.416638949e-11
8.40719431434e-11
2.62724822323e-11
3.65028387349e-11
-1.25071944562e-08
-4.09765529206e-07
-1.58942251955e-06
-4.13265697848e-06
-8.17096595626e-06
-8.71829466659e-06
-6.51228351335e-06
-4.56272871422e-06
-3.08008949103e-06
-4.03661358355e-06
-4.53570141553e-06
-4.32295006289e-06
-5.11547736443e-06
-6.33330441055e-06
-4.21836885732e-06
-3.93178630966e-06
-2.95625404075e-06
-1.9088925583e-06
-1.14272872488e-06
-4.78654278907e-07
-7.38778829637e-08
-6.28064119024e-09
-8.38444322092e-09
-3.43942110386e-09
-1.23013451331e-10
8.14446949202e-11
2.62724822323e-11
9.82086235153e-11
-1.26432951898e-08
-2.24278654077e-07
-9.10245384407e-07
-2.09648201121e-06
-5.07565039651e-06
-6.3158838812e-06
-5.28243415908e-06
-5.24867123007e-06
-5.45669161244e-06
-7.14058427491e-06
-6.43997733202e-06
-4.43547739593e-06
-2.25926889064e-06
-2.81279966666e-06
-2.35040985179e-06
-2.30715406399e-06
-1.59852465582e-06
-9.39380034705e-07
-3.20348805321e-07
-8.52493397127e-08
-8.8634248428e-09
-7.00519457614e-10
-5.02323434189e-09
-1.61839686534e-08
-2.27101756303e-10
0.0
0.0
0.0
-9.68772156524e-11
-1.99361571904e-08
-2.04379527031e-07
-6.12153612338e-07
-1.24708046649e-06
-2.2097492361e-06
-2.70175973936e-06
-3.52103887232e-06
-4.77260333062e-06
-5.39915752954e-06
-3.12252961641e-06
-1.0698324305e-06
1.71184274047e-07
-4.36756769998e-07
-3.61892475186e-07
-8.22644142331e-07
-5.24001909421e-07
-1.28264099366e-07
1.6425164036e-08
-1.14644832289e-08
-3.08811881261e-09
-4.41706314247e-10
2.54831078109e-10
4.48187422061e-10
0.0
0.0
0.0
0.0
1.66909917368e-12
-4.6155809575e-09
6.56704928492e-09
-3.26460115506e-08
-3.51861640296e-07
-1.50712860568e-07
1.54486611661e-06
1.76279694165e-06
4.78851877962e-07
-1.30582141027e-06
-8.76096056513e-07
1.42894375466e-07
2.3292310829e-07
-3.76797418693e-07
-3.90292244086e-07
-2.42430367339e-07
-8.4596472701e-08
-5.08684153199e-09
-2.21567171576e-09
-1.19701923029e-09
-1.05995277328e-09
-5.52217666052e-10
1.10284281478e-10
4.8385163142e-11
0.0
0.0
0.0
0.0
0.0
0.0
2.10166092413e-10
5.13317189997e-10
1.54582921922e-10
2.50247146697e-09
7.90245772823e-09
3.7043548533e-09
-4.15633286901e-09
-1.57643819907e-09
6.82262371544e-09
1.69871044153e-08
6.03803840091e-09
1.71100017584e-10
-3.45647300404e-10
-1.1740690163e-10
0.0
0.0
0.0
0.0
0.0
0.0
0.0
0.0
0.0
0.0
0.0
0.0
0.0
0.0
0.0
0.0
0.0
0.0
0.0
3.69505749626e-10
2.09719479518e-10
0.0
0.0
8.00537242806e-11
2.389103334e-10
8.00537242806e-11
0.0
0.0
0.0
0.0
0.0
0.0
0.0
0.0
0.0
0.0
0.0
0.0
0.0
0.0
0.0
0.0
0.0
0.0
0.0
0.0
0.0
0.0
0.0
0.0
0.0
0.0
0.0
0.0
0.0
0.0
0.0
0.0
0.0
0.0
0.0
0.0
0.0
0.0
0.0
1.04553470121e-08
